項目	値
事業の内容	３【事業の内容】　当社グループは、当社及び子会社124社、関連会社41社で構成されており、主として自動車及び部品並びに産業用エンジンの製造、販売を事業内容とし、これらに関連する物流等の各種サービスを展開しています。当社と関係会社との位置付けは次のとおりです。 　当社グループは、大型トラック・バス、小型トラックを中心としたＣＶ・ＬＣＶ及びパワートレイン（注１）の製造・販売、それらに関連する事業をグループの中核事業として国内外に展開しています。　生産体制は、当社による製造・組立と、当社が供給するコンポーネントを在外グループ企業により組立てる現地生産を行っています。また、自動車以外の主力製品であるエンジンは、日本、アジア、米国の３極体制で生産しています。　国内の販売体制は、中央官庁並びに大口需要者の一部に対しては、大型トラック・バスを当社が直接販売にあたり、大型トラック・バス、小型トラックほかの、その他の需要者に対しては販売会社がその販売にあたっています。　海外への販売は、当社グループ企業の販売網及びゼネラル　モーターズ　グループ各社等の販売網並びに商社等を通じ行っています。主な関係会社（製造）ＵＤトラックス㈱、㈱ＩＪＴＴ（注２）、㈱湘南ユニテック、日本フルハーフ㈱、ジェイ・バス㈱、泰国いすゞ自動車㈱、いすゞ（中国）発動機有限公司、いすゞモーターズサウスアフリカリミテッド（販売）いすゞ自動車販売㈱、いすゞ自動車東北㈱、いすゞ自動車首都圏㈱、いすゞ自動車近畿㈱、いすゞ自動車中部㈱、いすゞ自動車中国四国㈱、いすゞ自動車九州㈱、いすゞリーシングサービス㈱、いすゞノースアメリカコーポレーション、いすゞモーターズアメリカエルエルシー、いすゞコマーシャルトラックオブアメリカインク、いすゞオーストラリアリミテッド、いすゞモーターズアジアリミテッド、いすゞモーターズインターナショナルオペレーションズタイランドリミテッド、いすゞモーターズインディアプライベートリミテッド、いすゞ自動車インターナショナル（物流・サービス・その他）いすゞロジスティクス㈱、いすゞエステート㈱、五十鈴(中国)投資有限公司、五十鈴(中国)企業管理有限公司　（注1）文中「ＣＶ」「ＬＣＶ」「パワートレイン」とあるのはそれぞれ「商用車」「ピックアップトラック及び派生車」「エンジン、トランスミッション及び駆動系のコンポーネント」のことを示します。　（注2）㈱ＩＪＴＴにつきまして、2024年４月26日付で同社の自己株式取得による当社が所有する全ての同社の普通株式の譲渡が実施され、同社は当社の持分法適用会社となりました。以上述べた事項を事業系統図によって示すと概ね次のとおりとなります。
経営方針、経営環境及び対処すべき課題等	１【経営方針、経営環境及び対処すべき課題等】　当社グループの経営方針、経営環境及び対処すべき課題等は、以下のとおりです。なお、文中の将来に関する事項は、当連結会計年度末現在において当社グループが判断したものです。 （１）経営方針・企業理念・行動方針　当社グループを取り巻く事業環境の変化は日増しに加速しており、事業は複雑性を増しています。こうした状況下で、当社グループはさまざまな社会課題を解決し、商用車業界をリードしていくために、自らの存在意義、そしてお客様・社会に対する提供価値を問い直すことが必要とされています。　このような課題認識のもと、当社グループは、従業員一人ひとりが高い視座に立ち、同じ価値観を共有し、一丸となって社会課題の解決に取り組むことが必要と考え、2023年５月に新たな経営理念体系「ＩＳＵＺＵ ＩＤ」を策定しました。 「ＩＳＵＺＵ ＩＤ」の概要は以下の通りです。◆ＰＵＲＰＯＳＥ（使命）：地球の「運ぶ」を創造するお客様、そしてパートナーの皆さまと地球上のすべてのモノ・ヒトの「運ぶ」を主体的に創造するとともに、カーボンニュートラルへの対応や、進化する物流への貢献など、新たな「運ぶ」の価値を提供し、社会を豊かにしていきたい、という決意を表しています。 ◆ＶＩＳＩＯＮ（将来像）：「安心×斬新」で世界を進化させるイノベーションリーダーあらゆる社会課題の解決に貢献していくために、従来大切にしてきた「安心」に、「斬新」を掛け合わせ、イノベーションリーダーを目指します。 ◆ＭＩＳＳＩＯＮ（任務）：あなたと共に「運ぶ」の課題を解決するすべての人々と共に社会を前進させるという意志を込め、４つの分野(お客様満足度・地球へのやさしさ・働きがい・社会への影響力)でＮo.１を目指し、日々努力します。 ◆ＣＯＲＥ ＶＡＬＵＥ（コア・バリュー）：相互成長イノベーションリーダーとして、一人ひとりが挑戦・変化・貢献する意欲を持ち、集団として尊重・信頼・刺激し合うことで、成長していきます。 　今後、当社グループは「ＩＳＵＺＵ ＩＤ」を起点に、既存事業の更なる強化と新事業への挑戦を通じて社会課題の解決に貢献し、世界を進化させるイノベーションリーダーを目指します。 （２）対処すべき課題　「地球の『運ぶ』を創造する」をPURPOSE（使命）として、「運ぶ」に関わるさまざまな社会課題を解決するためには、多様化するお客様ニーズや不確実性の高い事業環境にもしなやかに対応し、絶えず柔軟に変革し続けることが不可欠です。　変革の実現に向け、当社グループでは2024年４月に、中期経営計画「ＩＳＵＺＵ Ｔｒａｎｓｆｏｒｍａｔｉｏｎ – Ｇｒｏｗｔｈ ｔｏ 2030」（以下、「ＩＸ」）を公表しました。「ＩＸ」は「ＩＳＵＺＵ ＩＤ」のＶＩＳＩＯＮ（将来像）とＭＩＳＳＩＯＮ（任務）を、足元からのフォーキャストと「ＩＳＵＺＵ ＩＤ」からのバックキャストで、2030年目線で具体化し策定したものです。当社グループは2030年に向けて、創造・提供する価値を従来の商品軸から、新たにソリューションへと広げ、ビジネスモデルを変革します。現在の収益拡大と、未来の収益への投資を両輪として、お客様・社会をはじめ、あらゆるステークホルダーが抱える課題を「安心×斬新」な「運ぶ」で解決する、「商用モビリティソリューションカンパニー」を目指していきます。 　次に挙げる課題は、「ＩＳＵＺＵ ＩＤ」の実現のみならず、自動車業界・商用車業界におけるお客様のご期待や技術的変革に対応するため中長期的な観点から抽出したものです。 「運ぶ」を創造する新事業への挑戦　物流業界を取り巻く環境は、カーボンニュートラル（以下、「ＣＮ」）社会の実現が急がれるなか、昨今の慢性的なドライバー不足等の課題を抱えています。こうしたお客様・社会課題の解決に貢献し、未来の新たな収益へと成長させるため、従来培ってきた当社の強みである「安心」を活かし、「自動運転ソリューション」、「コネクテッドサービス」、「カーボンニュートラルソリューション」の３領域を軸に、「安心×斬新」でお客様と社会の課題を解決する新事業に挑戦します。これら新事業への挑戦に向け、総額１兆円規模のイノベーション投資を着実に実行します。 （前中期経営計画期間中の取組み）　「自動運転ソリューション」については、自動運転に関する新技術の開発実証を推進してきました。同時に、アライアンスパートナーの拡充にも努め、2024年３月には路線バス領域における自動運転システムの開発を目的に、世界初のオープンソース自動運転ソフトウェア「Ａｕｔｏｗａｒｅ」の開発リーダーである株式会社ティアフォーと、資本業務提携について合意しました。　「コネクテッドサービス」では、かねてより運行管理・ドライバー支援サービス「ＭＩＭＡＭＯＲＩ」、高度純正装備「ＰＲＥＩＳＭ」等の先進的なコネクテッドサービスを、業界に先駆けて導入してきました。前中期経営計画期間中には、株式会社トランストロン及び富士通株式会社と共同で、商用車情報基盤「ＧＡＴＥＸ」の提供を開始しました。商用車の運行管理や稼働サポートサービスの提供に加え、多様なデータ連携により、物流業界が抱えるさまざまな課題の解決に貢献する仕組みを提供可能となります。　「カーボンニュートラルソリューション」では、ＣＮ時代を見据え、小型車市場にＢＥＶ（※１）及びＦＣＶ（※２）を上市したほか、大型市場でのＦＣＶの上市に向けて、2023年度には燃料電池システムの開発及び供給パートナーである本田技研工業とともに、モニター車による公道での実証実験を開始しました。さらに、商用ＢＥＶの導入検討や課題解決のサポート、温室効果ガス排出削減効果を定量化するトータルソリューションプログラム「ＥＶｉｓｉｏｎ」を構築し、商品販売のみならず、お客様のニーズに合わせた柔軟なＥＶ導入・運用の提案を可能にしました。また、2022年６月には「いすゞ環境長期ビジョン2050」の取組みを着実に実現するために、2030年までのロードマップを示した「2030環境ロードマップ」を策定しました。 （※１）ＢＥＶ：Ｂａｔｔｅｒｙ　Ｅｌｅｃｔｒｉｃ　Ｖｅｈｉｃｌｅ（※２）ＦＣＶ：Ｆｕｅｌ　Ｃｅｌｌ　Ｖｅｈｉｃｌｅ （今後の計画）　「自動運転ソリューション」では、2027年度に、日本及び北米を皮切りに自動運転レベル４技術を活用したトラック・バス事業を開始します。この実現に向けて、2024年４月より自動運転技術の獲得や基礎的なサービスの作り込みを本格的にスタートさせ、2026年よりアライアンスパートナーとの協働によるモニター実証を行う予定です。また、当社内に自動運転技術を活用した事業の検討組織を設立し、中長期的には数百名規模への拡大を見込んでいます。これらの取組みと、当社が従来培ってきた「通常時、緊急時の車両制御技術」、「お客様による使われ方の熟知」を掛け合わせることで、2027年度より順次、高速道路・ハブ間での輸送や、市街地をはじめとする路線バスの自動運転ソリューションを提供していきます。　「コネクテッドサービス」では、国内においては運送事業者・荷主の輸配送効率を高めるサービスを提供するほか、業界を超えたさまざまなデータを前述の商用車情報基盤「ＧＡＴＥＸ」と連携させることで新たなサービスを創出します。さらに、北米より高度純正整備「ＰＲＥＩＳＭ」と「ＥＶｉｓｉｏｎ」を展開し、2028年までに北米以外の主要地域へも対象エリアを拡大します。　「カーボンニュートラルソリューション」では、「いすゞ環境長期ビジョン2050」に基づき、マルチパスウェイで技術開発を進め、各国の使われ方・地域状況・社会動向に適した商品を展開することで、ＣＮ社会実現に貢献します。具体的には、2030年までに全車種でＣＮ商品をラインナップに加える予定です。ＣＮ商品の開発加速のため、藤沢工場内に電動開発実験棟を新設し2026年６月の稼働開始を目指します。　さらに、2030年代の普及期を見据え、価格競争力のあるＢＥＶの投入や、バッテリー交換式ソリューション「ＥＶｉｓｉｏｎ　Ｃｙｃｌｅ　Ｃｏｎｃｅｐｔ」をはじめとする周辺事業の展開を本格的に推進し、社会のＣＮ化を牽引します。 「運ぶ」を支える既存事業の強化　当社グループは150カ国以上で事業を展開し、うち37カ国以上でシェア第１位、グローバル販売台数は66万台以上と、世界中のお客様・社会の「運ぶ」を支えてきました。今後も業界を牽引するとともに、お客様・社会の「運ぶ」を支え続けるためには、既存事業の商品力・販売力を強化し、グループの事業基盤を一層強固にする必要があります。当社グループは、商用車市場のグローバルリーディングカンパニーとして、2030年度に新車販売85万台以上、売上高５兆円以上を目指します。 （前中期経営計画期間中の取組み）　無事故社会の実現、ドライバーの労働環境改善等、ますます高度化・複雑化する物流業界の課題解決に資するため、市場ニーズの変化を見据えた商品開発に取り組みました。具体的には、主力商品である小型トラック「エルフ」や中型トラック「フォワード」のフルモデルチェンジ、ピックアップトラック「Ｄ-ＭＡＸ」の大幅改良、量産ＢＥＶの市場投入、各種快適装備・安全支援機能の大幅拡充を進めてきました。　また、ボルボ・グループより全株式を取得し連結子会社化したＵＤトラックスとは、技術・事業における相互連携を強化し、スケールメリットを追求すると共に、お客様・社会の課題解決に向けたソリューションの提供に努めました。具体的には、初の共同開発商品である新型トラクタヘッド「ギガ」と「クオン」の市場投入、400拠点以上のサービスネットワークや物流・部品デポ、海外オフィスの相互活用、そして「Ｊａｐａｎ　Ｍｏｂｉｌｉｔｙ　Ｓｈｏｗ」の両ブランド共同出展を事例に、グループ一体で効率化を追求し、2024年３月期には140億円のシナジーを創出しました。 （今後の計画）　ＣＶ（※１）事業では、いすゞ・ＵＤトラックスの販売・サービスチャネル及び商品の相互補完でシナジー創出をさらに加速させることにより、グローバルでの徹底的な拡販を実現します。また、コンポーネント組合せ開発基盤「Ｉ－ＭＡＣＳ」の活用により、迅速かつ柔軟な仕様設定を実現し、圧倒的なラインナップで各国・地域のニーズに応えていきます。加えて、ＣＮ時代を見据え、従来培ってきたメンテナンスリースや、「ＥＶｉｓｉｏｎ」をはじめとする「トータルライフサイクルで稼働を支えるサービス」を地域毎のニーズに合わせて海外へ展開し、確かな収益源であるアフターセールスの一層の強化を目指します。　ＬＣＶ（※２）事業は、グローバルサウスへの拡販を進めるとともに、2030年に向けては、さまざまなユースケースを踏まえた多様な動力源（高効率ＩＣＥ（※３）、ＰＨＥＶ、ＢＥＶ）の提供及び次世代に求められる要素技術開発を推進し、事業成長を目指します。 （※１）ＣＶ：Ｃｏｍｍｅｒｃｉａｌ Ｖｅｈｉｃｌｅ（※２）ＬＣＶ：Ｌｉｇｈｔ Ｃｏｍｍｅｒｃｉａｌ Ｖｅｈｉｃｌｅ（※３）ＩＣＥ：Ｉｎｔｅｒｎａｌ　Ｃｏｍｂｕｓｔｉｏｎ　Ｅｎｇｉｎｅ 「ＩＳＵＺＵ ＩＤ」を基軸とした経営基盤の確立　「ＩＳＵＺＵ ＩＤ」で示すＶＩＳＩＯＮ（将来像）・ＭＩＳＳＩＯＮ（任務）、「ＩＸ」で示す「商用モビリティソリューションカンパニー」への変革を実現するためには、人的資本経営やグローバル視点でのグループ経営を支える経営基盤の確立が必要不可欠です。当社グループではグローバル基準の人財マネジメント基盤の整備、「安心×斬新」を実現する人財への投資を加速し、更なる事業成長を目指していきます。 （前中期経営計画期間中の取組み）　人財マネジメントの一環として、2022年５月に横浜へと本社を移転しました。グループ企業を集約するとともに、新本社の最新オフィス設備・ＩＴ環境を活用し、海外拠点も含めた社内、そしてグループ内コミュニケーションの活性化を図っています。また、従業員の自律的成長を促すため、ダイバーシティ＆インクルージョン推進を目的としたボルボ・グループのソーシャルネットワーク「ＶＯＩＳ」に参画しています。　さらに、グローバル視点でのグループ経営を支える、ガバナンス体制の実効性向上のため、2022年３月期より監査等委員会設置会社へ移行し、経営の監督機能の一層の強化を図りました。また、社外取締役を５名（取締役総数13名）、うち女性２名とすることで、取締役会における多様性を向上しました。 （今後の計画）　「ＩＳＵＺＵ ＩＤ」を基軸として、機能軸組織・人財戦略・人事制度の基盤整備を行います。具体的な取組みとして、従業員の専門性強化と挑戦を後押しする、グローバル基準の人財マネジメント基盤整備に着手します。変革の第一弾として、従来の職能型を改め、職務型を採用した新人事制度を2024年４月よりスタートしています。順次対象を拡大し、2026年度にはグループ全体で運用します。職務（ジョブ）の明確化とそれに基づいた適所適財の人財配置、公正な評価・報酬を実現することで、対話と育成の文化を醸成し、従業員の更なる成長を支援します。　また、新事業展開に向けた技術・サービスの開発や、既存事業運営の効率化への取り組みを通して、事業戦略の推進に必要なＤＸケイパビリティの充実を図ります。具体的には、各パートナーとの協力による全従業員の基礎スキル及び専門領域のスキル向上、技術革新に対応する新たなスキルの獲得を進めます。専門人財の獲得とリソースシフトの促進により、デジタルを用いてイノベーションを創出する集団へと変革し、世の中に提供する価値の拡大を目指します。 強固な収益基盤・財務基盤の確立及び成長投資と株主還元の両立　当社グループは、企業価値の持続的な向上を目指し、事業継続及び将来成長に必要な投資を優先に実行していきます。グループ全体での既存事業の強化を軸に、新事業を強力に推進することで、2030年度には売上高６兆円、営業利益率10％以上を目指します。 （前中期経営計画期間中の取組み）　資材費の高騰をはじめとする、さまざまな事業環境変化がありながらも、売上高目標・営業利益目標を達成し、事業規模の拡大を実現しました。　収益性として、前中期経営計画最終年度には、売上高３兆3,867億円、営業利益率8.7％、ＲＯＥ12.7％を達成しました。また、前中期経営計画期間における設備投資及びＲ＆Ｄの累計金額は6,369億円にのぼります。さらに、株主還元では、配当累計1,829億円、自己株式取得は500億円と、適正な自己資本水準を維持した、機動的な自己株式取得に取り組みました。財務健全性としては、各格付にてＡ格を取得しています。 （今後の計画）　企業価値の持続的な向上を目指し、先述の事業により得られた収益をもとに、将来成長に必要な投資を優先して実行するとともに、株主還元と財務健全性を両立していきます。　収益面は、2030年度には売上高６兆円、営業利益率10％以上、ＲＯＥ15％以上を目指します。積極的なイノベーション投資を推進しつつ、既存事業ではＤＸを活用することで業務効率化を図り、収益を確保します。株主還元は、配当性向は平均で40％を維持し、着実な配当成長を目指します。また、固定資産と自己資本のバランスを考慮しつつ、自己株式取得を継続します。また、財務健全性は、各格付でのＡ格を維持しつつ、有利子負債も活用していきます。　投資について、2030年代に向けて積極的な投資を実行します。まず、「成長の可能性」として、「運ぶ」を創造するイノベーション領域に総額１兆円を投資します。具体的な内容として、ＣＮ社会実現に向けた基礎研究・技術開発・環境ロードマップの推進、自動運転の事業化に向けた技術開発、事業・設備投資、コネクテッドサービスの進化・拡充、次世代商品・ＳＤＶ対応等が挙げられます。また、「経営の安定性」として、「運ぶ」を支える既存事業領域に対し、総額1.6兆円を投資します。具体的には、当社グループの生産拠点強化や、販売・サービスのインフラ投資、商品ラインナップの拡充等を見込んでいます。　当社グループはこうした投資によって、持続的成長と付加価値の提供を実現します。 
事業等のリスク	３【事業等のリスク】　経営及び事業を取り巻く環境が大きく変化し、不確実性がますます高まる中、当社はグループでのリスク管理プロセスを主導する「グループＣＲＭＯ」を設置したリスク管理体制を構築しています。また、リスクマネジメント推進組織としての独立性を担保し、より専門性を高める目的で、グループＣＲＭＯの下に「リスクマネジメント部」を設置しています。　グループＣＲＭＯは、当社各部門及びグループ企業が重要視している各種リスクを分析したうえで、経営に大きな影響を及ぼしうるリスクを「グループ重点リスク」として定め、当社各部門及びグループ企業にリスクを低減するための予防的取組（リスク対応計画）の策定、実行を指示しています。そして、予防的取組の取組み状況をモニタリング、適宜助言し、その内容を定期的に経営会議、取締役会に報告しています。　またグループＣＲＭＯは、インシデント発生時には、発生部門又はグループ企業に解決に向けた速やかな対応を指示するとともに、大きな危機に転化するおそれがある場合は、その影響を極小化するために、グループＣＲＭＯ指名メンバーによる対応チームを組成し、各種対応方針等を決定実行することにより、常に危機管理を徹底しています。　なお、事業影響が生じる重大なインシデントに繋がる可能性がある場合は、速やかに経営層に報告し、対応方針について審議・決定しています。 　有価証券報告書に記載した事業の状況、経理の状況等に関する事項のうち、投資者の判断に重要な影響を及ぼす可能性のある事項には、以下のようなものがあります。　なお、文中における将来に関する事項は、有価証券報告書提出日（2024年６月26日）現在において当社グループが判断したものです。 １．世界経済・金融市場・自動車市場に起因するリスク（１）主要市場の経済状況・総需要の変動　当社グループの全世界における売上高のうち、主要な部分を占める自動車の需要は、当社グループが製品を販売している国・地域、特に日本、タイ、米国などの主要国市場における経済状況の影響を受けます。　また商用車市場は日本においては今後漸減が予想される一方で、新興国においては物流需要の増加が見込まれることから、当社グループは一部の新興国市場を戦略地域と定め、拡販活動を進めています。そのため、一部の新興国市場における経済状況もまた、当社グループの業績及び財政状態に影響を及ぼす可能性があります。　当社グループは経済状況・需要動向の見通しの正確な把握に努めるとともに、製品を販売する市場の分散によって影響を極小化していますが、当社グループの主要市場における景気後退、及びそれに伴う需要の縮小は、当社グループの業績及び財政状態に大きな悪影響を及ぼす可能性があります。　また、半導体をはじめとした外製品不足による生産制約が再び顕在化した場合、資材費・エネルギー費用・物流費等が高騰した場合、当社グループの事業活動、業績及び財政状態に大きな悪影響を及ぼす可能性があります。 （２）自動車市場における競争　当社グループの全世界における売上高のうち、主要な部分を占める自動車市場は、激しい競争が繰り広げられています。競争環境の激化は当社製品の競争力に影響を及ぼし、価格変動やシェア変動を引き起こす可能性があります。競争に影響を与える要素は製品性能、安全性、燃費、環境負荷、価格、アフターサービスといった当社製品に起因する事項の他、各国の電気自動車（ＥＶ）等への補助金政策をはじめとする外部起因の事項を含め多岐にわたり、各国の市場によって状況は異なります。　当社グループは主要市場での競争力を維持・強化するため、当社製品に起因する要素の改善に取り組みながら、競争力の高い製品について継続的に開発・生産・販売並びにそのアフターサービスを実施していますが、主要市場や新興国市場等での他社との競争に劣後した場合や予期しない業界再編が生じた場合、及び各国の補助金政策等が当社グループに不利な内容となる等の場合、当社グループの業績及び財政状態に大きな悪影響を及ぼす可能性があります。 （３）為替及び金利の変動　当社グループの事業には、世界各地における製品の生産と販売が含まれています。各地域における売上、費用、資産、負債を含む現地通貨建の項目は、連結財務諸表の作成のために円換算されています。換算時の為替レート、特に米ドルやタイバーツの為替レートにより、これらの項目は元の現地通貨における価値が変わらなかったとしても、円換算後の価値が影響を受ける可能性があります。さらに、為替変動は、当社グループが購入する原材料の価格や販売する製品の価格設定に影響し、2022年以降は円相場が複数通貨に対し値下がりしたことで、実際に原材料価格や製品価格の変動が生じています。 　また、当社グループは日頃よりキャッシュ・フローの管理に努めていますが、資金調達に関わるコストは、市場金利が急激に上昇した場合、支払利息の負担が増大するなど、当社グループの業績及び財政状態に悪影響を及ぼす可能性があります。　当社グループは為替及び金利の変動による影響を極小化すべく、現地生産に加えて、先物為替予約取引を含むデリバティブ金融商品の活用を行っています。　しかし、為替及び金利の大きな変動が生じた場合、当社グループの業績及び財政状態に大きな悪影響を及ぼす可能性があります。 （４）原材料等価格の変動当社グループは、自動車製造にあたり、鉄、非鉄金属、樹脂等の原材料を使用しており、加えて、ｘＥＶの研究・開発やＢＥＶの市場投入等によってレアメタル等の使用が増加することを見込んでいます。　世界的な需給逼迫等によりこれらの原材料価格やエネルギー価格が上昇すると、当社グループとしての製造コストもそれに伴い上昇する可能性があります。その際、生産性向上などの内部努力や製品価格への転嫁などをもってしても上昇分のコストを吸収できなかった場合には、当社グループの業績及び財政状態に悪影響を及ぼす可能性があります。 ２．事業に関するリスク（５）新しい技術革新やビジネスモデル変化などへの対応　当社グループの事業に関わる外部環境は大きく変化しています。商用車市場のお客様ニーズの多様化や商用車を用いたビジネスモデルの変化、「ＣＡＳＥ」に代表される技術革新、生産・販売・アフターサービス・バックオフィス業務におけるデジタルイノベーションの推進、ＥＳＧ投資やＳＤＧｓ達成への期待の高まりなどの技術変化や社会変化は、当社グループの事業の拡大と深耕の好機です。　当社グループはこうした技術変化や社会変化に速やかに対応するため、常設部署を設置し、全社横断の複数プロジェクトを推進しています。また、当社グループは商用モビリティソリューションカンパニーへの進化を掲げ、自動運転ソリューション、コネクテッドサービス、カーボンニュートラルソリューション等の「運ぶ」を創造する新事業の創出・拡大を目指しています。しかし、万が一、これらの技術変化や社会変化に速やかかつ十分に対応できない場合には、当社グループの業績及び財政状態に大きな悪影響を及ぼす可能性があります。 （６）研究開発　当社グループの置かれた事業環境は競争の激化や市場ごとに異なる商品ニーズの多様化などが見込まれます。このような経営環境に対応し、「運ぶ」を支える「ものづくり事業」を推進していくには高い技術と市場のニーズを的確にとらえた製品を提供する研究開発への取組みが不可欠です。　当社グループは、将来の市場ニーズの予測、研究開発分野の優先順位付けを通じて、新たな技術や製品の開発に取組んでいますが、もし求められる技術水準への到達や適正な市場ニーズの把握に失敗や遅延した場合には、当社グループの業績及び財政状態に悪影響を及ぼす可能性があります。　当社グループは、アライアンス及び部品メーカーとの協業を通じて新たな技術や製品の入手をしていますが、もしアライアンス先や部品メーカーから求められる技術水準への到達に失敗や遅延した場合には、当社グループの業績及び財政状態に悪影響を及ぼす可能性があります。 （７）合弁事業をはじめとするアライアンス　当社グループは、いくつかの国において、各国の法律上の、あるいはその他の要件により合弁で事業を行っています。また、国内外の販売ではディーラーやディストリビュータと提携し、研究開発では合弁事業や業務提携を行っています。　当社グループは合弁相手やアライアンス先の経営状況、ガバナンス、その他重要な非財務情報も含め、様々な情報をもとに業務提携の要否を検討します。　しかし、合弁相手やアライアンス先の経営方針、経営環境の変化等当社グループが管理できない要因により、当社グループの業績及び財政状態に大きな悪影響を及ぼす可能性があります。 （８）販売・供給における特定チャネルへの依存　当社グループは、当社製品である自動車やその構成部品等を、トリペッチいすゞセールス㈱(タイ国バンコク市)や、ゼネラルモーターズ・コーポレーション(アメリカ合衆国ミシガン州デトロイト市)など当社グループ内外の特定チャネルを通じて販売・供給しています。当社グループの販売・供給における特定チャネルの依存について、取引先の業績悪化等により市場への供給・流通量が減少した場合、又は取引先の信用不安等による貸倒れが発生した場合、当社グループの業績及び財政状態に悪影響を及ぼす可能性があります。　当社グループは大口顧客企業との関係を維持するとともに、新規顧客の開拓によるリスク分散を図っています。しかし、これらの顧客企業への売上は、顧客企業の生産・販売量の変動など当社グループが管理できない要因により影響を受け、当社グループの業績及び財政状態に悪影響を及ぼす可能性があります。 （９）資材、部品等の調達の遅れや不足　当社グループは、生産に必要な原材料、部品及び製品を外部のサプライヤーから調達しています。以下のような事象が当社グループのサプライヤーや調達網で発生した際には、供給・輸送能力の低下や供給・輸送の中断が引き起こされ、生産に必要な量の原材料、部品及び製品が確保できなくなる、又は確保が遅れる可能性があります。 ・サプライヤーや物流網において自然災害や大規模な事故等の不測の事態が発生した場合・サプライヤーや物流網で大規模なシステム障害が発生した場合・サプライヤーの供給能力を大幅に超えるような需給状況になった場合・サプライヤーにおいて許認可取り消し等による製品の出荷停止が生じた場合・サプライチェーン上の人権侵害等、品質・コスト・納期以外の問題が顕在化した場合・海上交通の要衝での事件・事故等により物流網で混乱が生じた場合 　当社グループは、サプライヤー各社の生産能力、信用リスク、製品等の品質、コスト等製品の供給に直接関わる事項を定期的に把握するとともに、各社の法令・コンプライアンス遵守や気候変動問題への対応状況を確認し、調達の支障が生じないように努めています。しかし、以上のような事象が発生した場合は、当社グループの業績及び財政状態に悪影響を及ぼす可能性があります。 （10）コンプライアンス・レピュテーション　当社グループでは、関係法令等の遵守はもちろん、ステークホルダーからの期待に応えるという意味でもコンプライアンスを徹底しています。　当社グループでは、法令等の違反を未然に防止する体制並びにコンプライアンスに関わる案件を察知した場合には速やかに対応する体制を構築しています。　またコンプライアンスの推進や体制整備について、客観的な助言・監督・評価を仰ぐことを目的として、社外委員も含めた社長の諮問機関であるコンプライアンス委員会を設置しています。　しかし、コンプライアンスの徹底にもかかわらず、将来にわたって法令違反が発生する可能性は皆無ではなく、法令違反の重篤性及び、発生時の対応内容や迅速性等が不十分な場合には、当社グループの社会的信用に重大な影響を与える場合があり、当社グループの業績及び財政状態に悪影響を及ぼす可能性があります。特に、道路運送車両法違反による生産停止や、各国の個人情報保護、贈収賄禁止、独占禁止・不正競争禁止に関する法令等への重大な違反が認められ、高額な制裁金が課せられた場合、当社グループの業績及び財政状態に大きな悪影響を及ぼす可能性があります。 （11）製品の欠陥　当社グループは、厳格な品質管理基準に従って各種の製品を開発・生産しています。品質の維持及び改善のため、当社グループは「品証・ＣＳ委員会」を通じて、不具合情報の早期発見と共有、品質向上のための全社横断的検討、全社的な品質マネジメントの運用状況の監視を実施しています。また製品の欠陥等を原因とする損害賠償が必要な場合に備えて、製造物賠償責任保険に加入しています。　しかし、万が一大規模なリコールを実施する場合、当社グループの業績及び財政状態に大きな悪影響を及ぼす可能性があります。加えて、実際に発生した費用が事前に計上した未払費用を大きく上回る場合や、製造物責任賠償金が製造物賠償責任保険により填補できない場合には、当社グループの業績及び財政状態に大きな悪影響を及ぼす可能性があります。 （12）デジタル社会におけるサイバーセキュリティに関するリスク　当社グループの事業は多くのシステムに依存しており、情報の機密性、完全性、可用性を一定以上で維持するための高度な態勢を確保しています。具体的には、個人情報や機密情報の保護、データやシステムの可用性の維持、各種情報の改竄防止等の情報セキュリティの維持・改善を目的に、様々なリスク対策を実施しています。また、製品のサイバーセキュリティ法規（Ｒ１５５　ＣＳＭＳ認証、Ｒ１５６　ＳＵＭＳ認証）にも遵守し、お客様が安心安全にご利用できるように努めています。　しかし、不測の事態により情報漏洩等が発生した場合や、製品の安心安全に影響がある事象が発生した場合、当社グループの業績及び財政状態に大きな悪影響を及ぼす可能性があります。また、システム障害やコンピューターウイルスへの感染、サイバー攻撃等が発生した場合には、業務の中断や、データの破損・喪失などを引き起こす可能性があります。その結果、当社グループの業績及び財政状態に大きな悪影響を及ぼす可能性があります。　また当社グループは、アライアンス先との情報セキュリティに関する契約を締結し、個人情報や機密情報の保護、データやシステムの可用性の維持、各種情報の改竄防止等の情報セキュリティの維持・改善を目的に、様々なリスク対策を実施しています。しかし、不測の事態により情報漏洩等が発生した場合、企業としての信用低下、顧客等に対する損害賠償責任、アライアンス先に対する損害賠償責任が発生するなど、当社グループの業績及び財政状態に大きな悪影響を及ぼす可能性があります。 （13）知的財産保護に関するリスク　当社グループは他社製品と差別化できる技術とノウハウを蓄積してきましたが、当社グループ独自の技術とノウハウの一部は、特定の国・地域では法的制限のため知的財産権による完全な保護が不可能、又は限定的にしか保護されない状況にあります。　当社グループは知的財産保護のための取組みを進めています。しかし、第三者が当社グループの知的財産を使って類似した製品を製造することを効果的に防止できない場合や当社グループに対する知的財産権侵害訴訟による製造・販売の差し止めや損害賠償の請求が認められた場合、当社グループの業績及び財政状態に悪影響を及ぼす可能性があります。 （14）優秀な人財の確保・定着、成果創出等　当社グループの事業では、人財が最も重要な資産と考え、当社グループの事業推進に必要となる技能・能力をもった多様な人財の確保に努めるとともに、従業員一人一人のモチベーション、熱意、技能、能力、パフォーマンスを高め、当社グループに定着させるための取組みを進めています。しかし、今後の人財獲得競争の一層の激化により、優秀な人財確保・定着がより困難になっていく可能性があります。　また、当社グループの従業員構成は日本企業の多くと同様に、シニア層に集中しています。それに伴って、将来的には円滑な技能伝承や適切な人員配置が困難となる可能性があります。　こうした状況を踏まえて、当社グループでは「ＩＳＵＺＵ　ＩＤ」に掲げる「働きがいＮｏ.１」を目指し、また「ＩＸ」で2030年に目指す姿の一つとして掲げた「人的資本経営への進化」を実践しています。従業員の専門性強化と挑戦を後押しするグローバル基準の人財マネジメント基盤を整備すべく、当社では2024年４月より新人事制度をスタートしました。2026年度までにグループ全体に展開します（詳細は「２ サステナビリティに関する考え方及び取組」中の「（３）人的資本・多様性」を参照ください。）。　さらに当社グループでは「人的資本経営」や「働きがいＮｏ.１」の前提となる人権尊重について、「いすゞグループ人権方針」に従い、役員・従業員に対する人権意識を高めるための教育・啓発活動、人権ＤＤ等に取り組んでいます。また、ビジネスにおける人権尊重の重要性を踏まえ、ステークホルダーとの対話を行い、事業パートナー及び取引先の皆様に対しても理解促進に努めています。　しかし、これらの対応が十分ではない場合、従業員の離職、モチベーション低下、期待値に満たない成果、技能伝承の失敗、競争力の低下によって、当社グループの業績及び財政状態に悪影響を及ぼす可能性があります。 （15）地政学リスク　当社グループの製品の生産及び販売活動は、日本国内のみならず広く海外で行われ、事業展開する各国・地域において許認可をはじめとした各種政策の影響を受けます。また、戦争や政権交代等の政治情勢の変化、経済状況の変化、社会状況の変化は、当社グループの経営・事業活動及びサプライチェーンに影響を与えます。当社グループでは、こうした不確実性を地政学リスクとして認識し、特に以下の予期せぬ事象（ただし、以下に限定されません）が発生した場合、当社グループの業績及び財政状態に悪影響を及ぼす可能性があります。・事業・投資の許可・輸出入、技術移転の制限・潜在的に不利な租税政策の変更・排出ガス規制並びに燃費/ＣＯ２規制・当社グループ財産の直接的又は間接的収用・情報やデータの管理や移転の制限・安全保障上のリスクがある設備、ソフトウェア、クラウドサービス、委託先等の利用・調達に関する制限・送金や兌換の規制・為替政策・その他、経済安全保障や国家安全保障に由来する政策・国家間紛争・内戦、革命、クーデタ、騒擾、テロ・重要な海上交通路の寸断 　当社グループは各国・地域、特に日本、米国、アセアン地域、中国、欧州地域における地政学リスクの情報収集を行い、法規制の変化に備えた投資や新技術・製品の開発を行う等、様々な対策を実施しています。しかし、こうしたリスクが顕在化した場合、当社グループの業績及び財政状態に悪影響を及ぼす可能性があります。 （16）災害等　当社グループは全世界で事業を展開しているため、様々な災害リスクにさらされています。大規模地震、風水害や噴火等の自然災害、停電又はその他の中断事象、疫病・感染症が顕在化した場合、当社グループの生産活動、販売活動、その他事業活動に影響が生じる可能性があります。特に主要な事業拠点が集中する日本・南関東に大規模な災害等が発生した場合、当社グループの業績及び財政状態に悪影響を及ぼす可能性があります。また、設備不良、オペレーションミスによる事故、火災等の人為的災害が発生した場合、当社グループの業績及び財政状態に悪影響を及ぼす可能性があります。当社グループは災害等が発生した場合の行動計画を予め策定、それに基づいた訓練を実施しています。また新型インフルエンザやその他の未知の感染症等についても予防・対応計画を予め策定し、それに基づいた訓練を実施しています。　さらに、当社グループでは、従業員や関係者の労働災害を防止すべく、労働安全衛生を最優先事項として取り組んでいます。具体的には、「安全衛生活動方針」に基づき、従業員一人ひとりが「安全衛生理念」に立ち返り、安全を最優先に考え行動すること、さらに、安全・衛生意識を向上させて、全員で「安全」を保つ活動を展開することを定め、各職場における安全管理目標達成に向けて日々積極的に取り組んでいます。　しかし、これらの取り組みにもかかわらず、災害等による影響を完全に防止又は軽減できない場合、当社グループの業績及び財政状態に大きな悪影響を及ぼす可能性があります。 （17）気候変動　当社グループは、気候変動対応を最も重要な経営課題の一つとして位置づけ、気候変動に関する規制強化と、頻発・激甚化している自然災害への対応に取り組んでいます。一方で、更なる成長機会の獲得のため、脱炭素社会に貢献するイノベーションの創出を進めています。　気候変動に関するリスク全般については、当社グループのリスク管理体制の下で管理しています。個々の具体的な気候変動リスクについては、サステナビリティ委員会が特定・評価を行い、事業への影響を踏まえた対策の進捗を管理しています。適切に評価したリスクについては、ＴＣＦＤ（気候関連財務情報開示タスクフォース）のフレームワークに沿った情報開示を行っています。詳細については、「２ サステナビリティに関する考え方及び取組（２）気候変動」を参照ください。　当社グループは、長期的視野で地球環境問題に取り組むための方向性を示す「いすゞ環境長期ビジョン2050」を、2020年３月に策定しました。「いすゞ環境長期ビジョン2050」では2050年までに、当社グループ製品のライフサイクル全体での温室効果ガス(ＧＨＧ)ゼロ、及び当社グループの事業活動から直接排出されるＧＨＧゼロを掲げ、ＧＨＧ削減に取り組んでいます。　2024年４月に中期経営計画として策定した「ＩＸ」においても、「運ぶ」を創造する新事業として、「カーボンニュートラルソリューション」を掲げています。具体的には、「いすゞ環境長期ビジョン2050」に基づきマルチパスウェイで技術開発を進め、地域の状況や社会動向に適した商品を展開することで、ＣＮ社会実現に貢献します。また、燃料代や電気代までを含む総所有コスト（ＴＣＯ）の観点で価格競争力のあるＢＥＶを投入し、周辺事業の展開を推進します。　しかし、気候変動そのものを緩和するための取組みや気候変動による影響への対応・取組みが不十分である場合、当社グループの業績及び財政状態に大きな悪影響を及ぼす可能性があります。 
経営者による財政状態、経営成績及びキャッシュ・フローの状況の分析	４【経営者による財政状態、経営成績及びキャッシュ・フローの状況の分析】（１）経営成績等の状況の概要①経営成績の状況　当連結会計年度における国内と海外を合わせた総販売台数は、前連結会計年度に比べ84,835台（11.3％）減少し、666,809台となりました。　国内車両販売台数につきましては、部品不足が改善し、前連結会計年度に比べ5,084台（8.8％）増加の62,932台となりました。海外車両販売台数につきましては、インフレーション及び金利上昇による影響を受けた結果、ＣＶ（商用車（トラック及びバス））は39,032台（13.8％）減少の244,305台、ＬＣＶ（ピックアップトラック及び派生車）はタイを中心に50,887台（12.4％）減少し359,572台となりました。　また、産業用エンジンの売上高は、前連結会計年度に比べ51億円（4.3％）減少の1,146億円となり、その他の売上高につきましては、保有事業等の伸長により前連結会計年度に比べ330億円（4.7％）増加の7,420億円となりました。　これらの結果、売上高につきましては、前連結会計年度に比べ1,911億円（6.0％）増加の３兆3,867億円となりました。内訳は、国内が１兆1,089億円（前連結会計年度比12.0％増）、海外が２兆2,778億円（前連結会計年度比3.3％増）です。 　当連結会計年度の業績は次のとおりです。  当連結会計年度 前連結会計年度比売上高33,867億円 1,911億円6.0％営業利益2,931億円 395億円15.6％経常利益3,130億円 432億円16.0％親会社株主に帰属する当期純利益1,764億円 247億円16.3％（為替レート）USD/JPY144.6円（135.5円）AUD/JPY95.1円 （92.6円）EUR/JPY156.8円（140.9円）THB/JPY4.10円 （3.84円）注：（ ）内は前連結会計年度の為替レート 　損益につきましては、新興国を中心とした市況悪化及び資材費等の変動による減益影響はあるものの、価格対応、原価低減活動及び円安影響が寄与し、営業利益は2,931億円（前連結会計年度比15.6％増）となりました。また、経常利益は3,130億円（前連結会計年度比16.0％増）、親会社株主に帰属する当期純利益は1,764億円（前連結会計年度比16.3％増）となりました。 　当社グループは、自動車及び部品並びに産業用エンジンの製造、販売（自動車事業）を主な事業とする単一セグメントであるため、セグメントの業績の記載を省略しています。②財政状態の状況　当連結会計年度末の総資産は、前連結会計年度末に比べて2,162億円増加し、３兆2,630億円となりました。　負債は、前連結会計年度末に比べて674億円増加し、１兆6,040億円となりました。　純資産は、前連結会計年度末に比べて1,488億円増加し、１兆6,590億円となりました。　自己資本比率は44.8％（前連結会計年度末42.9％）となりました。　有利子負債につきましては、前連結会計年度末に比べて437億円増加の5,568億円となりました。 ③キャッシュ・フローの状況　当連結会計年度末における現金及び現金同等物（以下「資金」という。）につきましては、営業活動により2,986億円獲得した資金を、投資活動で1,551億円、財務活動で1,450億円使用したこと等により、前連結会計年度末に比べて205億円増加し、3,849億円となりました。　なお、営業活動によるキャッシュ・フローから投資活動によるキャッシュ・フローを控除して計算した、フリーキャッシュ・フローは、1,435億円の資金流入（前連結会計年度は1,466億円の資金流入）となっています。 [営業活動によるキャッシュ・フロー]　営業活動により獲得した資金は、2,986億円（前連結会計年度比31.5％増）となりました。　これは、税金等調整前当期純利益を3,056億円、減価償却費を1,150億円計上し、売上債権の減少により95億円の資金流入があった一方で、仕入債務の減少により504億円、棚卸資産の増加により236億円、法人税等の支払により745億円の資金流出などがあったことによります。 [投資活動によるキャッシュ・フロー]　投資活動により使用した資金は、1,551億円（前連結会計年度比92.6％増）となりました。　これは、固定資産の取得で1,614億円の資金流出があったことが主な要因です。 [財務活動によるキャッシュ・フロー]　財務活動により使用した資金は、1,450億円（前連結会計年度比3.3％増）となりました。　これは、短期借入金の増加で590億円、長期借入の実行で921億円の資金流入があった一方で、長期借入金の返済で1,101億円、配当金の支払で668億円、非支配株主への配当金の支払で529億円及び自己株式の取得で500億円の資金流出があったことが主な要因です。 ④生産、受注及び販売の実績ａ．生産実績　当連結会計年度の生産実績は、次のとおりです。 　当連結会計年度（自　2023年４月１日　　至　2024年３月31日）　前連結会計年度比台数（台）金額（百万円）台数（％）金額（％）大型・中型ＣＶ91,844－△4.4－小型ＣＶ196,485－△18.0－ＬＣＶ411,535－△10.2－計699,864－△11.8－産業用エンジン－97,565－△1.3その他－203,609－△7.2　（注）１．当連結会計年度より、従来「大型・中型車」及び「小型車」として表示していた区分の名称をそれぞれ「大型・中型ＣＶ」及び「小型ＣＶ」に名称変更しています。また、「小型車」に含んでいたピックアップトラック等を「ＬＣＶ」に組み替えています。なお、「ＣＶ」及び「ＬＣＶ」はそれぞれ「商用車（トラック及びバス）」並びに「ピックアップトラック及び派生車」を示しています。２．当連結会計年度より、「海外生産用部品」を車種別に応じてそれぞれ「大型・中型ＣＶ」、「小型ＣＶ」及び「ＬＣＶ」に組み替えています。３．当連結会計年度より、「エンジン・コンポーネント」を「産業用エンジン」に名称を変更し、「エンジン・コンポーネント」に含まれていたコンポーネントを「その他」に組み替えています。４．前連結会計年度比は、変更後の区分方法により算出しています。５．産業用エンジン、その他の金額は、販売価格によります。６．上記の表には、関連会社の生産実績は含まれていません。ｂ．受注実績　当社グループ（当社及び連結子会社）は、過去の販売実績と将来の予想に基づいて、見込み生産を行っています。ｃ．販売実績　当連結会計年度の販売実績は、次のとおりです。 　当連結会計年度（自　2023年４月１日　　至　2024年３月31日）　前連結会計年度比金額（百万円）増減率（％） 国　内389,90017.4 海　外416,2373.6大型・中型ＣＶ計806,1379.9 国　内133,83015.2 海　外594,80012.9小型ＣＶ計728,63013.3 海　外995,3100.5ＬＣＶ計995,3100.5 国　内523,73016.8 海　外2,006,3474.6車両計2,530,0776.9 国　内64,84017.1 海　外49,720△22.7産業用エンジン114,561△4.3 国　内520,3327.0 海　外221,705△0.5その他742,0384.7 国　内1,108,90312.0 海　外2,277,7733.3売上高合計3,386,6766.0（注）１．当連結会計年度より、従来「大型・中型車」及び「小型車他」として表示していた区分の名称をそれぞれ「大型・中型ＣＶ」及び「小型ＣＶ」に名称変更しています。また、「小型車他」に含んでいたピックアップトラック等を「ＬＣＶ」に組み替えています。なお、「ＣＶ」及び「ＬＣＶ」はそれぞれ「商用車（トラック及びバス）」並びに「ピックアップトラック及び派生車」を示しています。２．当連結会計年度より、「海外生産用部品」を車種別に応じてそれぞれ「大型・中型ＣＶ」、「小型ＣＶ」及び「ＬＣＶ」に組み替えています。３．当連結会計年度より、「エンジン・コンポーネント」を「産業用エンジン」に名称を変更し、「エンジン・コンポーネント」に含まれていたコンポーネントを「その他」に組み替えています。４．前連結会計年度比は、変更後の区分方法により算出しています。 主な相手先別の販売実績及び総販売実績に対する割合は、次のとおりです。　相手先　前連結会計年度（自　2022年４月１日　　至　2023年３月31日）　当連結会計年度（自　2023年４月１日　　至　2024年３月31日）金額（百万円）割合（％）金額（百万円）割合（％）トリペッチ　いすゞ　セールス㈱559,81017.5433,38413.0 （２）経営者の視点による経営成績等の状況に関する分析・検討内容　経営者の視点による当社グループの経営成績等の状況に関する認識及び分析・検討内容は次のとおりです。　なお、文中における将来に関する事項は、有価証券報告書提出日（2024年６月26日）現在において当社グループが判断したものです。 ①財政状態及び経営成績の状況に関する認識及び分析・検討内容ａ．概観[ＣＶ販売]　当連結会計年度におけるＣＶ車両の販売台数は、前連結会計年度から33,498台（10.0％）減少の307,237台となりました。　国内では、部品不足が改善し、前連結会計年度から5,084台（8.8％）増加の62,932台となりました。海外では、北米向けで部品不足の改善により増加しましたが、アジアを中心にインフレーション及び金利上昇の影響により、前連結会計年度から39,032台（13.8％）減少の244,305台となりました。　なお、当社の国内の普通トラックのシェアは、前連結会計年度比0.7％増加の40.6％となりました（ＵＤトラックスを含む当社グループの国内の普通トラックのシェアは55.1％）。また、小型トラックのシェアは、部品不足が改善したことにより、前連結会計年度比5.4％増加の42.4％となりました。 ・ＣＶ車両販売台数  前連結会計年度（台）当連結会計年度（台） 増減台数（台）増減率（％）国内大型・中型30,15733,931 3,77412.5 小型27,69129,001 1,3104.7 計57,84862,932 5,0848.8北米大型・中型4,5685,289 72115.8 小型27,04238,299 11,25741.6 計31,61043,588 11,97837.9アジア大型・中型28,44125,694 △2,747△ 9.7 小型104,88370,089 △34,794△ 33.2 計133,32495,783 △37,541△ 28.2その他地域大型・中型30,04327,579 △2,464△ 8.2 小型88,36077,355 △11,005△ 12.5 計118,403104,934 △13,469△ 11.4合計大型・中型93,20992,493 △716△ 0.8 小型247,976214,744 △33,232△ 13.4 計341,185307,237 △33,948△ 10.0 [ＬＣＶ販売]　当連結会計年度におけるＬＣＶ車両の販売台数は、前連結会計年度から50,887台（12.4％）減少の359,572台となりました。　アジアでは、タイ国内向けにおいてファイナンス環境が悪化したことで、前連結会計年度から大幅に減少しました。その結果、販売台数は前連結会計年度から82,099台（34.2％）減少の157,829台となりました。その他地域は、豪州を中心に前連結会計年度の部品不足により積み上がったバックオーダーの消化等により、全体では前連結会計年度から31,212台（18.3％）増加の201,743台となりました。 ・ＬＣＶ車両販売台数 前連結会計年度（台）当連結会計年度（台） 増減台数（台）増減率（％）アジア239,928157,829 △82,099△34.2その他地域170,531201,743 31,21218.3計410,459359,572 △50,887△12.4 [パワートレイン出荷]　当連結会計年度における産業用エンジンの出荷基数は、中国の厳しい市況が継続しており前連結会計年度から21,077台（15.5％）減少の115,085台となりました。 ・産業用エンジン出荷基数 前連結会計年度（台）当連結会計年度（台） 増減台数（台）増減率（％）計136,162115,085 △21,077△15.5 ｂ．当連結会計年度の経営成績についての分析[売上高]　売上高につきましては、海外でインフレーション及び金利上昇による影響を受けた結果、車両販売台数は減少しましたが、円安の進行及び価格の改定により増収となったことに加え、国内で部品不足が改善し、車両販売台数が増加したこと等により前連結会計年度に比べ、1,911億円（6.0％）増加の３兆3,867億円となりました。内訳は、国内が１兆1,089億円（前連結会計年度比12.0％増）、海外が２兆2,778億円（前連結会計年度比3.3％増）です。 [営業利益]　当連結会計年度の営業利益は2,931億円（前連結会計年度比15.6％増）となりました。　当連結会計年度における資材費等の変動の影響は、前連結会計年度に対して420億円の減益となり、大幅な減益要因となりました。一方で、価格対応の影響は、前連結会計年度に対して745億円の増益、原価低減活動の影響は、205億円の増益、為替変動の影響は、円安の進行により170億円の増益となりました。　この結果、当連結会計年度における売上高営業利益率は8.7％（前連結会計年度は7.9％）となりました。なお、前連結会計年度からの営業利益の主な増減要因は、次のとおりです。 ・営業利益の増減分析（前連結会計年度比）　　　　　　（億円）価格対応745原価低減活動205為替変動170売上変動/構成差△85費用増減他△219資材費等の変動△420合計396 [営業外損益]　営業外損益につきましては、200億円の利益となり、前連結会計年度に比べて36億円の増益となりました。　受取利息及び受取配当金から支払利息を差し引いた純額が118億円の利益となり、前連結会計年度に比べて29億円増加したことにより増益となりました。 [特別損益]　当連結会計年度における特別利益が55億円、特別損失が130億円となり、前連結会計年度に比べて74億円の減益となりました。当連結会計年度の主な項目として、特別損失で、減損損失、子会社株式売却損、子会社関連損失を計上し、特別利益で、固定資産売却益を計上しました。 [税金費用]　法人税、住民税及び事業税と法人税等調整額とを加えた金額は、前連結会計年度では732億円の損失でしたが、当連結会計年度では842億円の損失となりました。 [非支配株主に帰属する当期純利益]　非支配株主に帰属する当期純利益は、主にアセアン現地法人、北米現地法人、国内の製造会社の非支配株主等に帰属する当期純利益からなり、前連結会計年度の449億円に対し、当連結会計年度も449億円となりました。 [親会社株主に帰属する当期純利益]　当連結会計年度における親会社株主に帰属する当期純利益は1,764億円となり、前連結会計年度に比べて247億円の増益となりました。１株当たり当期純利益は229.92円となりました。 ｃ．当連結会計年度の財政状態についての分析[資産]　当連結会計年度末の総資産は、前連結会計年度末に比べて2,162億円増加し、３兆2,630億円となりました。　主な要因としましては、投資有価証券が647億円、棚卸資産が583億円、有形固定資産が400億円増加したことによります。 [負債]　負債は、前連結会計年度末に比べて674億円増加し、１兆6,040億円となりました。　主な要因としましては、仕入債務が116億円減少した一方で、有利子負債が437億円、未払費用が248億円増加したことによります。 [純資産]　純資産は、前連結会計年度末に比べて1,488億円増加し、１兆6,590億円となりました。　主な要因としましては、剰余金の配当を669億円及び自己株式の取得を500億円行ったことにより減少した一方で、親会社株主に帰属する当期純利益を1,764億円計上したことにより増加したほか、その他有価証券評価差額金が401億円及び為替換算調整勘定が446億円増加したことによります。 ｄ．経営上の目標の達成状況についての分析　「中期経営計画2024」（2022年３月期から2024年３月期まで）において、当社グループが掲げた経営上の目標とそれに対する当期の達成状況は次のとおりです。  当連結会計年度（2024年３月期） 中期目標（2024年３月期）売上高33,867億円 27,500億円営業利益2,931億円 2,500億円ＲＯＥ12.7％ 12.5％配当性向40.0％ 期間平均40.0％ 　「中期経営計画2024」の最終年度である当連結会計年度において、当社グループの事業環境は、新興国を中心とした市況の悪化、資材費・物流費・エネルギーコストの高騰による影響などを受けましたが、価格の改定や原価低減活動を実施したほか、円安が進行したことやアフターセールスが堅調だったことなどにより、当社グループの業績は、売上高及びすべての利益項目において過去最高を計上しました。　ＲＯＥについては、資本効率の向上に努めた結果、当連結会計年度においては、中期目標の12.5％を上回る12.7％となりました。　配当性向については、株主への利益還元、経営基盤の強化及び将来への事業展開に備えるための内部留保の充実等のバランスを総合的に勘案した結果、当連結会計年度においては、前連結会計年度から13円の増配となる年間92円の配当を実施し、中期目標の40.0％を達成しました。 ｅ．資本の財源及び資金の流動性に係る情報[キャッシュ・フローの状況]　第２「事業の状況」３「経営者による財政状態、経営成績及びキャッシュ・フローの状況の分析」（１）「経営成績等の状況の概要」に記載のとおりです。 [資金需要]　当社グループにおける主な資金需要は、製品製造のための材料・部品の購入費、製造費用、製品・商品の仕入、販売費及び一般管理費、運転資金及び設備投資資金です。　設備投資の状況については、第３「設備の状況」１「設備投資等の概要」に記載のとおりです。 [資金調達の状況]　運転資金については返済期限が１年以内の短期借入金で、基本は各々の会社が運転資金として使用する現地の通貨で調達しています。設備投資資金については原則として資本金、内部留保といった自己資金でまかなうこととしています。今後、投融資の実行に伴い借入金・社債等による資金調達を検討する可能性があります。　なお、当連結会計年度末における有利子負債の年度別返済額は第５「経理の状況」１「連結財務諸表等」⑤「連結附属明細表」「社債明細表」「借入金等明細表」に記載のとおりです。 [資金の流動性]　当社は、2030年にグローバル市場における「商用モビリティソリューションカンパニー」への変革を目指す中期経営計画「ＩＸ」を策定しました。新たな中期経営計画の財務目標としては、2030年度の売上高６兆円、営業利益10％以上を掲げ、そのために自動運転ソリューション、コネクテッドサービス、カーボンニュートラルソリューションの新技術３領域を柱に据えた「イノベーション投資」に１兆円、グループ全体の既存事業の強化のための「既存事業投資」に1.6兆円の投資を実行していきます。また、財務健全性は確保しながら、株主還元として配当性向（期間平均）40％を維持、適正な自己資本水準を意識した機動的な自己株式取得を継続していきます。　それら成長投資や株主還元、借入金返済の資金としては、事業で創出される営業キャッシュ・フローを原資に充当し、Ｍ＆Ａ等に係る資金は主として借入金、社債等で対応することによって、新たな中期経営計画の達成実現に向けて取り組みます。　なお、手元資金の流動性には絶えず注視が必要ですが、当社グループは現金及び現金同等物に加え、主要銀行とコミットメントライン契約を締結しており、金融市場の急激な環境変化にも対応できる流動性を保持していると考えています。 ②重要な会計上の見積り及び当該見積りに用いた仮定　当社の連結財務諸表は、我が国において一般に公正妥当と認められている会計基準に基づき作成されています。当社経営陣は、連結財務諸表の作成に際し、会計方針の適用並びに資産、負債、収益及び費用に影響を与える判断、見積り及び仮定を必要としていますが、実際の結果は、見積り特有の不確実性があるため、当初の見積りとは異なる場合があり、業績に悪影響を与える可能性があります。　当社は、特に以下の重要な会計方針が、当社の連結財務諸表の作成において使用される当社の重要な見積りと判断に大きな影響を及ぼすと考えています。　なお、翌連結会計年度及び翌事業年度に特に重要な影響を及ぼす可能性のある一部の項目については、第５「経理の状況」１.「連結財務諸表等」（重要な会計上の見積り）及び第５「経理の状況」２.「財務諸表等」（重要な会計上の見積り）に記載しています。 [貸倒引当金]　当社グループの保有する債権は、その大半がディストリビューター・販売会社向けの売掛金で構成されています。これら債権のうち、一般債権については貸倒実績率等により、貸倒懸念債権等特定の債権については個別に回収可能性を勘案し、回収不能見込額を計上しています。　従って、景気動向による貸倒実績率の上昇や、貸倒懸念債権等特定の債権の債務者の財務状況が悪化するなどその支払能力が低下した場合、追加引当が必要となる可能性があります。 [棚卸資産]　当社グループでは、車両・エンジン等の製品及び仕掛品に加え、原材料・部品等の棚卸資産を保有しています。これらの棚卸資産については、市況の悪化等により収益性の低下が認められる場合には、将来需要及び供給等の推定に基づきその収益性の低下の程度を見積もり、評価減を計上しています。　従って、実際の需要又は供給等が推定より悪化した場合、追加の評価減が必要となる可能性があります。 [繰延税金資産]　当社グループは繰延税金資産について、将来の実現性が高い税務計画に基づき回収可能性があると判断した金額まで計上しています。　従って、市場や経済情勢の悪化、当社グループの競争力の低下等の要因により、当社グループの業績が悪化し、繰延税金資産の全部又は一部を将来回収できないと判断した場合、当該判断を行った期間に繰延税金資産が調整され、費用が増加する可能性があります。 [退職給付に係る費用及び負債]　退職給付費用及び退職給付債務は、数理計算上で設定される前提条件に基づいて算出しています。これらの前提条件には、割引率、将来の報酬水準、退職率、死亡率及び年金資産の長期収益率などが含まれます。　それぞれの前提条件は、現時点で十分に合理的と考えられる方法で計算されていますが、今後、経済環境の変化による割引率の低下や市場環境の悪化による年金資産の長期期待収益率の低下等、さらには退職率・死亡率等の変化が発生した場合、退職給付費用及び負債に悪影響を与え、費用及び負債が増加する可能性があります。 [製品保証引当金]　当社グループは、製品のアフターサービスに対する費用の支出に充てるために、製品保証引当金を計上しています。製品保証引当金は、製品・地域毎の保証書の約定に従い、保証期間中の当社製品に対して、保証期間にわたって発生しうる費用を、過去の保証実績率を基に見積りを行っています。　従って、実際の発生費用が見積りの金額よりも悪化した場合等においては、見積り額の修正が必要となる可能性があります。 
経営上の重要な契約等	５【経営上の重要な契約等】契約締結時期相手方契約の種類契約の概要国籍名称2004年８月日本日野自動車株式会社株主間協定書両社の共同出資により設立したジェイ・バス株式会社とその100％子会社であるいすゞバス製造株式会社並びに日野車体工業株式会社の３社が合併するにあたり、日野自動車株式会社との間において、バスの開発の一部及び生産に関する事業をジェイ・バス株式会社に統合。2014年10月日本三菱商事株式会社基本覚書タイにおける両社協業の最適化を目指し、泰国いすゞエンジン製造株式会社、いすゞモーターズインターナショナルオペレーションズタイランドリミテッドその他の現地事業体の当社出資比率引き上げを含む協業枠組みの変更につき合意。2020年10月スウェーデンAktiebolaget Volvo(AB Volvo社)協業基本契約AB Volvo社との協業分野及び同社との協業における意思決定の枠組について合意。同上同上Volvo Technology Aktiebolaget (VTEC社)技術協業基本契約AB Volvo社が100％保有する開発管理会社であるVTEC社との間において、技術協業の意思決定の枠組、費用負担の原則及び知的財産権の取扱いについて合意。2021年３月日本トヨタ自動車株式会社資本提携に関する合意トヨタ自動車株式会社との間において、相互に株式を保有する形での資本提携について合意。2024年２月日本トヨタ自動車株式会社スズキ株式会社日野自動車株式会社共同企画契約トヨタ自動車株式会社、スズキ株式会社、日野自動車株式会社との間において、商用車ＣＡＳＥ領域における協業について合意（当該契約に基づき、2023年10月に締結した、トヨタ自動車株式会社、スズキ株式会社、日野自動車株式会社、ダイハツ工業株式会社との共同企画契約を終了）。 
研究開発活動	６【研究開発活動】　当社グループでは、世界中のお客様に満足していただける商品とサービスを提供していくため、トラック・バスやピックアップトラック、ディーゼルエンジン等における最新技術の研究開発を行うとともに、その技術を用いることで多くの国・地域のお客様のニーズに対応した最適な商品の開発に取り組んでいます。　当社グループを取り巻く事業環境が絶え間なく変化する中で、商用車業界における重要な環境変化は「電動化／脱ＣＯ２化の潮流加速」及び「止まらない物流インフラへの期待増」と考えています。これらの変化へ対応し、脱炭素社会や新たな物流社会の実現に貢献していく事は、社会的使命であり責務であると認識しています。　当社グループでは「中期経営計画2024」（2022年３月期から2024年３月期まで）の中でイノベーションの基軸として据えた「カーボンニュートラル戦略」と「進化する物流へ商用車メーカーとして貢献」の取組みの基、研究開発活動を進めてきました。また、2023年５月には新経営理念体系「ＩＳＵＺＵ　ＩＤ」を策定しました。「ＩＳＵＺＵ　ＩＤ」の使命である「地球の『運ぶ』を創造する」ために、2030年までにＣＮや物流ＤＸなどの対応に総額１兆円規模の研究開発・設備投資・事業投資を行います。　当連結会計年度の研究開発活動の成果として、小型トラック「エルフ」については、かねてよりドライバー不足の問題に着目し、2017年に改定された普通自動車免許に対応するために、車両総重量3.5t未満の「エルフミオEV」を新たに追加しました。ドライバーの労働環境改善のため、国内小型トラック初となる、キャブ後方の室内空間を拡大したスペースキャブを「エルフ」のラインアップに新たに追加し、居住性と利便性、快適性を向上しました。　中型トラック「フォワード」については、16年ぶりにフルモデルチェンジして販売を開始しました。強みである豊富なラインアップはそのままに、先進安全装備の選択肢をさらに広げ、ドライバーに安全と快適を提供します。今回の改良では、近距離ミリ波レーダーとドライバーステータスモニターを追加することで、アクティブにドライバーをサポートし、事故抑制に貢献します。また、キャビン内のデザインは、広がりを感じる特徴的なスタイルに一新し、居住性を向上しました。さらに、大型トラック「ギガ」に採用している高機能シートを、クラスを超えて採用し、長時間でも快適な運転を可能にしました。　大型トラック「ギガ」については、輸送の効率化に対応するため、国内大型トラック初となる車両総重量25トン低床３軸車を新たに設定しました。さらには、ダブル連結トラックにも採用可能な、フルエアサスペンション仕様のフルトラクタ、ＪＲ貨物新規格コンテナ輸送に対応したフルトラクタを新規設定し、フルトラクタの展開を拡大しました。また、安全への対応として、ブラインドスポットモニター（ＢＳＭ）の検知範囲拡大による性能向上やレーンキープアシスト（ＬＫＡ）のオプション展開を拡大しました。　バスについては、大型路線バス「エルガハイブリッド」と大型観光バス「ガーラ」を一部改良して発売しました。「エルガハイブリッド」は、新たに自動検知式ドライバー異常時対応システム（ＥＤＳＳ）、オートライト、バックカメラ・モニターを標準搭載し、安全運転をサポートします。さらに、車内の換気能力を向上させ、ウイルス感染拡大防止に取り組みました。そのほか、本モデルにおいて2025年度燃費基準値を達成しています。「ガーラ」においては、レーンキープアシスト(ＬＫＡ)の新規設定、ドライバー異常時対応システム（ＥＤＳＳ）の車線内停止機能追加のほか、衝突被害軽減ブレーキ（ＡＥＢＳ）の作動条件を拡大し、先進安全装置の充実化を図りました。また、ＢＥＶフルフラット路線バス「ＥＲＧＡ　ＥＶ」を「ＪＡＰＡＮ　ＭＯＢＩＬＩＴＹ　ＳＨＯＷ　2023」で世界初公開しました。ＢＥＶ化によるレイアウトの自由度を生かし、フロアのフルフラット化を実現することで、車室内後部の段差をなくし、車内移動のバリアフリー化を達成しました。スムーズな加減速、低振動かつ低騒音で安全性と快適性を大幅に向上し、環境面への貢献だけでなく、未来の公共交通を体現する車両として、2024年度中の発売を目指しています。　ＬＣＶについては、「Ｄ－ＭＡＸ」を大幅改良してタイで販売を開始しました。今回の改良では、好評の内外装デザインに磨きをかけ、お客さまから求められる幅広いニーズに対応することで、市場により適したピックアップトラックを目指しました。安全面においては、新世代ステレオカメラを新たに採用することで、交差点進入時の歩行者検知・自動ブレーキに対応しました。また、タイのバンコクで開幕する「ＢＡＮＧＫＯＫ　ＩＮＴＥＲＮＡＴＩＯＮＡＬ　ＭＯＴＯＲ　ＳＨＯＷ　45ｔｈ」（バンコク国際モーターショー）で、参考出品として、いすゞ初の１トン積みピックアップトラック「Ｄ－ＭＡＸ」のＢＥＶを一般向けに世界初公開しました。ピックアップトラックのタフな基本性能はそのままに、商用・乗用の幅広いニーズに対応するため、新開発のｅアクスルをフロントとリアに搭載したフルタイム４ＷＤシステムにより、高い悪路走破性及びＢＥＶ特有のリニアな加速感と、低騒音・低振動を両立させました。　このほか、自動運転技術開発については、株式会社ティアフォーと路線バス領域における自動運転システムの開発を目的とした資本業務提携を行うことで合意しました。両者はこの提携を基に、強固なパートナーシップを構築し、自動運転レベル４による移動サービスの社会実現を目指して、路線バス向けの自動運転システムの開発・確立を加速させます。また、ＣＮの技術開発については、バッテリー交換式ソリューション「ＥＶｉｓｉｏｎ　Ｃｙｃｌｅ　Ｃｏｎｃｅｐｔ」を「ＪＡＰＡＮ　ＭＯＢＩＬＩＴＹ　ＳＨＯＷ　2023」で世界初公開しました。充電による非稼働時間が課題であるＢＥＶにおいて、充電済みのバッテリーと素早く交換できるため、待機時間の大幅な短縮と効率的な稼働を実現します。さらに、車両とバッテリーを分離運用することで、トラック間でのバッテリーシェアによる資源や再生可能エネルギーの有効活用などを行い、様々な社会課題の解決が期待できます。燃料電池大型トラックについては、2027年をめどに市場導入予定の燃料電池大型トラックに搭載する燃料電池システムの開発及び供給パートナーとして本田技研工業株式会社と2023年５月に合意書を締結し、同年12月に両社の共同研究による「ＧＩＧＡ　ＦＵＥＬ　ＣＥＬＬ」の公道での実証走行を開始しました。本実証実験を通じて、市場導入へ向けたデータの取得、知見の蓄積、技術的課題の抽出などを進めます。　最後に、2030年のＣＮ対応車フルラインアップに向けた車両開発を加速させるため、藤沢工場内に電動開発実験棟を新設します。商用電動車に最適なシステムやコンポーネントを開発するための実験・評価設備を導入する計画で、2026年の稼働開始を目指します。　なお、当連結会計年度における研究開発費の総額は1,239億円です。 
設備投資等の概要	１【設備投資等の概要】  当連結会計年度の当社グループの設備投資としては、総額1,286億円の投資を行いました。設備投資の継続中の主なものとしては、重点地域（日本、米国、アセアン）に対する、サプライチェーン、販売機能強化とサービスインフラ網への投資などです。なお、当連結会計年度において重要な設備の除却、売却等はありません。
主要な設備の状況	２【主要な設備の状況】　当社グループにおける主要な設備は次のとおりです。（１）提出会社事業所名（所在地）設備の内容帳簿価額（百万円）従業員数（人）建物及び構築物機械装置及び運搬具土地(面積千㎡)その他合計栃木工場(栃木県栃木市)エンジン・部品の製造16,89023,58133,695(1,120)1,80475,9721,263藤沢工場(神奈川県藤沢市)トラックの総組立・部品の製造33,48433,841[2]108,531(816)28,064203,9205,894エンジン製造設備(北海道苫小牧市)エンジンの製造（いすゞエンジン製造北海道㈱に貸与）1,8711,92510,218(1,480)35914,374-総合試験設備(北海道勇払郡むかわ町)自動車総合試験場（㈱いすゞ北海道試験場に貸与）4,4604423,180(4,428)1328,215-本社(神奈川県横浜市)本社業務7,131581-8,52716,2401,334販売・物流施設厚生施設その他モータープール、販売店施設、福利厚生施設18,683550[37]59,642(1,104)10,64289,517- （２）国内子会社会社名（所在地）設備の内容帳簿価額（百万円）従業員数（人）建物及び構築物機械装置及び運搬具土地(面積千㎡)その他合計いすゞ自動車首都圏㈱(東京都江東区)計国内販売子会社６社販売設備17150611(1)1,0931,7827,087いすゞ自動車販売㈱(神奈川県横浜市)販売設備（上記販売子会社等に貸与)40,6654,51260,474(1,167)1,456107,108219㈱湘南ユニテック(神奈川県高座郡寒川町)プレス部品生産設備2,1141,4811,326(135)1,8696,791433いすゞロジスティクス㈱(神奈川県横浜市)倉庫及び部品梱包設備4,29979031(3)8976,018742いすゞエステート㈱(神奈川県横浜市)賃貸用土地建物1,161                -1,345(14)82,51649いすゞエンジン製造北海道㈱ (北海道苫小牧市)エンジン製造設備5472,619                 -3613,528312㈱ＩＪＴＴ(神奈川県横浜市)部品等製造組立設備12,52818,8498,852(719)12,63352,8652,565いすゞリーシングサービス㈱ (神奈川県横浜市)販売設備、賃貸用車両（その他）106                - -94,05894,165286ＵＤトラックス㈱（埼玉県上尾市）トラックの総組立及びエンジンの製造、販売設備31,6613,72663,085(1,432)8,065106,5386,089 （３）在外子会社会社名（所在地） 設備の内容帳簿価額（百万円）従業員数（人）建物及び構築物機械装置及び運搬具土地(面積千㎡) その他合計いすゞモーターズアメリカエルエルシー(アメリカ合衆国カリフォルニア州アナハイム市)その他設備28920569(60)1321,01243泰国いすゞ自動車㈱(タイ国サムットプラカーン県パパデン市)自動車組立設備7,58821,1328,196(987)5,51842,4363,328泰国いすゞエンジン製造㈱(タイ国バンコク市ラカバン)部品組立設備3,21014,5562,209(106)3,34823,325998いすゞオートパーツマニュファクチャリング(フィリピン共和国ラグナ州)部品組立設備4371,803                 -2,1084,349493エイジアンいすゞキャスティングセンター(インドネシア共和国西ジャワ州カラワン県)鋳造設備他1,0574,292128(78)4455,923445いすゞ（中国）発動機有限公司(中華人民共和国重慶市九龍坡区)エンジン加工設備他212,116                 -2,0074,145455いすゞモーターズインディアプライベートリミテッド(インド共和国タミルナドゥ州)車両組立設備3,4872,259                 -1,7897,536368ピーティー・ティージェーフォージインドネシア(インドネシア共和国西ジャワ州)鍛造品設備他1,4955,1721,158(117)4588,283289ＩＪＴＴタイランドコーポレーションリミテッド(タイ国チョンブリ県)部品等製造組立設備2,5681,7621,837(88)7116,880494いすゞ自動車インターナショナル(アラブ首長国連邦ドバイ首長国ジュベルアリ・フリーゾーン)部品倉庫他2,791                -                 -1,5524,34483いすゞイーストアフリカリミテッド(ケニア共和国ナイロビ市)自動車組立設備1,301697                 -1,8353,834439いすゞオーストラリアリミテッド(ビクトリア州トゥルガニーナ市、クイーンズランド州ブリスベン市)部品倉庫他49375649(4)1,5132,731142　（注）１．金額は百万円未満を切捨てて表示しています。２．[　］内は連結会社以外へ貸与しているもので内数であり、その主なものは、販売・物流施設、その他（土地 37千㎡、賃貸料年額67百万円）であり、取引先等の事務所・工場用地・物流施設等です。３．帳簿価額「その他」には、リース資産、使用権資産及び建設仮勘定の他、オペレーティング・リース取引に係る賃貸用車両を含めています。４．従業員数は就業人員です。５．上記のほか、主要な賃借及びリース設備として、以下のものがあります。（１）提出会社事業所名（所在地）設備の内容土地（面積千㎡）年間賃借料又はリース料（百万円）販売・物流施設モータープール（賃借）5442,461各事業所自動車製造用設備・コンピューター機器・事務機器その他（リース）－35本社（神奈川県横浜市）事務所施設等（賃借）272,100 （２）子会社会社名事業所名（所在地）設備の内容土地（面積千㎡）年間賃借料又はリース料（百万円）いすゞ自動車首都圏㈱白井支店・白井サービスセンター（千葉県白井市）販売設備（賃借）2360〃中央支店・江東サービスセンター（東京都江東区）〃584〃瑞穂支店・瑞穂サービスセンター（東京都西多摩郡瑞穂町）〃776いすゞ自動車中部㈱袋井支店・袋井サービスセンター（静岡県袋井市）〃1258いすゞ自動車近畿㈱神戸支店・神戸サービスセンター（神戸市東灘区）〃14193〃摂津支店・摂津サービスセンター（大阪府摂津市）〃860〃住之江支店・住之江サービスセンター（大阪市住之江区）〃1174〃姫路支店・姫路サービスセンター（兵庫県姫路市）〃1060いすゞ自動車九州㈱本社・福岡中央サービスセンター（福岡市東区）〃1497㈱いすゞユーマックスIMAW神戸オークション会場（神戸市灘区）〃66280〃大阪営業部（大阪市此花区）〃1378〃神戸営業部（兵庫県神戸市）〃1487 
株式の総数	①【株式の総数】種類発行可能株式総数（株）普通株式1,700,000,000計1,700,000,000
発行済株式、株式の総数等	②【発行済株式】種類事業年度末現在発行数（株）（2024年３月31日）提出日現在発行数（株）（2024年６月26日）上場金融商品取引所名又は登録認可金融商品取引業協会名内容普通株式777,442,069750,873,469東京証券取引所プライム市場権利内容に何ら限定のない当社における標準となる株式であり、単元株式数は100株です。計777,442,069750,873,469－－ 
配当政策	３【配当政策】当社は、株主への利益配分の実施は、多様化するステークホルダーの皆さまと共に発展するため、成長投資資金の確保、及び財務健全性の維持を目的とする内部留保の充実と、株主価値重視とのバランスを総合的に勘案の上、決定しています。当社は、毎年９月30日を基準日として、会社法第454条第５項に規定する中間配当を行うことができる旨を定款に定めており、中間配当と期末配当の年２回の剰余金の配当を行うことを基本方針としています。これらの剰余金の配当の決定機関は、期末配当については株主総会、中間配当については取締役会です。当事業年度に係る普通株式の配当金は、中間配当は１株につき43円、期末配当金は１株につき49円、合計で１株につき92円を実施することとしました。内部留保資金については、今後の更なる成長に向けた投資資金への活用及び資本効率を重視する経営の一環として、配当や状況に応じた機動的な自社株取得等の株主還元実施に充当していきます。 当事業年度に係る剰余金の配当は以下のとおりです。決議年月日配当金の総額（百万円）１株当たり配当額（円）2023年11月10日33,42843取締役会決議2024年６月26日36,79049定時株主総会決議
コーポレート・ガバナンスの概要	（１）【コーポレート・ガバナンスの概要】　当社のコーポレート・ガバナンスに関する基本的な考え方については、当社が企業活動を通じて継続的に収益をあげ、企業価値を高めていくためには、その活動を律する枠組みであるコーポレート・ガバナンス（企業統治）の体制の整備は不可欠であると考えています。　当社は、当社をとりまくあらゆるステークホルダーの立場を尊重し、円滑な関係を構築していくことが、コーポレート・ガバナンスの基本的な目的であると考え、そのために重要情報の適時適切な開示をとおして、企業内容の公正性・透明性確保に努めています。特にすべてのステークホルダーの権利・利益を守り、ステークホルダー間の平等性を確保するために、社内体制及び環境の整備を図ることは、コーポレート・ガバナンスの重要な要素であると考えています。 ①企業統治の体制・企業統治の体制の概要　当社は、監査等委員会設置会社であり、法定の会議体として取締役会及び監査等委員会を設置し、これを用いて主要な業務執行の決議、監督並びに監査を行ってまいります。法定の会議体に加えて、重要方針・施策の審議、経営管理、その他業務執行全般を行うための「経営会議」、監督や業務執行の意思決定に資するための各種諮問機関や会議体を設置しています。  ＜取締役会＞　取締役会は、株主からの負託・信任に応え、企業価値を継続的に高めるため、経営に関わる重要な意思決定及び監督を行います。取締役会は、原則毎月定例取締役会を開催するほか、必要に応じて臨時取締役会を開催し、必要な事項を審議・決定してまいります。　有価証券報告書提出日現在の取締役会は、取締役14名で構成されます。議長は代表取締役 取締役会長ＣＥＯである片山正則であり、取締役14名のうち６名は独立社外取締役です。 取締役会の開催状況と取締役の出席状況　第122期（2023年４月１日～2024年３月31日）の取締役会は計14回開催され、１回当たりの平均所要時間は約１時間です。第122期の取締役会の出席状況は以下の通りです。 区分氏名出席状況代表取締役片山正則全14回中14回代表取締役南　真介全14回中14回取締役髙橋信一全14回中14回取締役藤森　俊全14回中14回取締役池本哲也全14回中14回取締役山口真宏全14回中14回取締役（社外取締役）柴田光義全14回中14回取締役（社外取締役）中山こずゑ全14回中13回取締役（社外取締役）※１進藤哲彦全４回中４回（2023年６月28日の退任まで）取締役（社外取締役）※１穴山  眞全10回中10回（2023年６月28日の就任以降）取締役 ※１藤森正之全４回中４回（2023年６月28日の退任まで）取締役 ※１宮崎健司全14回中14回取締役 ※１渡邉正夫全10回中10回（2023年６月28日の就任以降）取締役（社外取締役）※２河村寛治全14回中14回取締役（社外取締役）※２桜木君枝全14回中14回※１　常勤監査等委員を兼ねる。　※２監査等委員を兼ねる。 取締役会の具体的な検討内容　第122期の取締役会では、決議事項・報告事項等として計102件の議案が審議されました。取締役会は経営戦略・ガバナンス全般、決算・財務関連、監査関連、リスクマネジメント・内部統制・コンプライアンス、人事関連、個別案件（新中期経営計画の策定及び人事制度改革等）等について検討しました。 ＜監査等委員会＞　監査等委員会は、監査等委員会で定めた監査計画に従い、取締役会の意思決定及び取締役の業務執行の監査・監督を行うこととしています。　有価証券報告書提出日現在の監査等委員会は、監査等委員である取締役５名で構成されます。監査等委員の監査・監督機能を強化し、日常的な情報収集及び重要な社内会議への出席による情報共有並びに会計監査人及び内部監査部門との十分な連携を可能にするため、３名（穴山 眞、宮崎健司及び渡邉正夫）を常勤監査等委員として選定しています。　委員長は常勤監査等委員である取締役の穴山 眞であり、監査等委員である取締役５名のうち３名は独立社外取締役です。　なお、監査等委員である取締役５名は全員選定監査等委員です。 　監査等委員会の開催状況と出席者、具体的検討内容は、「（３）監査の状況　/①　監査等委員会による監査の状況」を参照下さい。 ＜指名・報酬委員会＞　当社では上記の法定機関以外に、企業統治に関する任意の機関として、役員候補者の指名や経営陣幹部などの選定、役員報酬の決定などに係る取締役会の機能の独立性・透明性・客観性を強化するため、「指名・報酬委員会」を任意に設置しています。　有価証券報告書提出日現在の指名・報酬委員会は委員長である社外取締役柴田光義のほか、代表取締役 取締役会長ＣＥＯ 片山正則、取締役副社長ＣＭｚＯ 髙橋信一及び社外取締役２名（宮井真千子及び穴山 眞）の５名で構成され、取締役会のもとで、諮問を受けた内容について審議し答申を行います。 指名・報酬委員会の開催状況と委員の出席状況　第122期（2023年４月１日～2024年３月31日）の指名・報酬委員会は計９回開催され、１回当たりの平均所要時間は約１時間です。　第122期の指名・報酬委員会の出席状況は以下の通りです。 区分役職氏名出席状況委員（委員長）代表取締役 取締役会長ＣＥＯ片山正則全９回中９回委員代表取締役 取締役社長ＣＯＯ南  真介全９回中９回委員社外取締役※柴田光義全９回中９回委員社外取締役※中山こずゑ全９回中９回委員社外取締役 常勤監査等委員※進藤哲彦全２回中２回（2023年６月28日の退任まで）委員社外取締役 常勤監査等委員※穴山  眞全７回中７回（2023年６月28日の就任以降）※　独立役員 指名・報酬委員会の具体的な検討内容　第122期の指名・報酬委員会では、報告事項・討議事項・決議事項等として計17件の議案が審議されました。指名・報酬委員会は役員報酬制度の見直し（報酬水準の改定など）、社外取締役候補者の選定及び個別具体的な指名・報酬案について検討しました。 ＜執行役員制度及び経営会議＞　当社では監督と業務執行の分離により、監督機関である取締役会の審議の充実、取締役会からの適切な権限委譲を通じた迅速な意思決定・執行体制を図っています。当社では、経営視点で変革をリードすることを使命として担当領域の戦略的課題に取組むＥＶＰ/ＳＶＰ及び業務執行の中心として担当領域・部署の業務課題に取り組むＶＰを設置しています。　また、代表取締役 取締役会長ＣＥＯ 片山正則、代表取締役 取締役社長ＣＯＯ 南 真介及び各部門ＥＶＰ等で構成される経営会議を設置しています。議長は代表取締役 取締役会長ＣＥＯ 片山正則であり、取締役会からの権限委譲の範囲内で経営・業務執行に関する事項を決議・審議しています。 ・当該企業統治の体制を採用する理由　企業が、企業をとりまくあらゆるステークホルダーからの負託・信任に応えて企業価値を向上させていくためには、経営者は、自らの立場や自社の利害、特定のステークホルダーの利害に偏ることなく、企業とすべてのステークホルダー共同の利益の拡大と、各ステークホルダー間の利害の調整に努めていかねばなりません。　こうした企業と経営者がすべてのステークホルダーからの信任を確保していく上でふさわしいと考えられる企業統治体制として、また、経営に関する意思決定の合理性とスピードを更に高めるとともに、取締役会における審議の一層の充実と監督機能の強化を実現するため、当社では、取締役会における重要な業務執行の決定の相当部分を業務執行取締役に委任できる「監査等委員会設置会社」を採用しています。 ②内部統制システムに関する考え方及びその整備の状況　当社の取締役会は、内部統制システム整備の基本方針について、以下のとおり決議しています。 ａ．取締役及び使用人の職務の執行が法令及び定款に適合することを確保するための体制・コンプライアンスの徹底を当社の最重要課題と位置付ける。なお、当社における「コンプライアンス」とは、法令遵守はもとより社会の信頼に応える高い倫理観をもって、全役員・従業員一人ひとりが行動することとする。・「コンプライアンスに関する基本的な取り組み方針」、「コンプライアンスに関する行動基準」を役員・従業員に周知徹底し、コンプライアンスの実効性を確保する。・社外の有識者を委員として招聘した「コンプライアンス委員会」から、コンプライアンスの推進や体制整備についての客観的な助言・監督・評価を得て、リスクマネジメント部がコンプライアンスに係る事項を管理・推進し、各部門の代表者が出席する「品質・コンプライアンス推進会議」を通じてその活動を全社に展開する。また、監査部が監査を行うことにより、コンプライアンスに係る内部監査機能を確保する。・監査部は、「コンプライアンス」、「リスク管理体制」、「コーポレートガバナンス」等に関連する経営諸活動の状況を、独立的な立場で公正かつ客観的に評価し、改善指示・要望を行うことにより、会社が社会から存在価値を認められ信頼を得ること、及び会社の経営目標の達成に資することを目的として内部監査を行う。・取締役会の業務執行監督機能の客観性・中立性・透明性を高めるため、独立した立場の社外取締役を置く。・反社会的勢力や団体との一切の関係を遮断し、不当な要求等を拒否するため、毅然とした態度で対応する。・コンプライアンスに関する社内通報・相談の窓口として、３つの相談窓口（職場窓口、部門内窓口、全社窓口）を設置する。また、何らかの理由で社内相談窓口での相談・解決が難しい場合の対応として、外部の弁護士事務所に目安箱（社外相談窓口）を設置する。 ｂ．取締役の職務の執行に係る情報の保存及び管理に関する体制・法令及び「取締役会規則」その他の社内規則に従い、取締役会議事録その他の取締役の職務執行に関する情報について、情報ごとにこれを保存及び管理すべき主管部署を定め、当該主管部署において、これを適切に保存及び管理するとともに、秘密情報については、法令及び「秘密情報取扱規則」に従い、秘密情報管理統括責任者が、これを適切に管理する。また、監査等委員会の要請に応じてその閲覧に供する。・情報管理及び情報セキュリティ管理については、「グループ情報セキュリティ方針」に従い、各部門によるセキュリティ対策実施状況をグループＣＲＭＯ及び各部門代表者からなる「情報セキュリティ統括会議」が評価することによって適切な情報管理体制を敷き、その状況について適宜取締役会に報告することにより、情報管理を徹底する。・当社と協業パートナーとの信頼関係を損なう事態に至ることを防止することを目的として、「協業情報取扱規則」を制定している。これにより、協業パートナーの秘密情報が当社から他の協業パートナーを含む外部に漏洩することの防止、又は他の協業パートナーとの研究・開発に混入・流用することの防止等を、従業員に徹底する。 ｃ．損失の危険の管理に関する規程その他の体制・「リスク管理規程」に従い、３線防御体制に基づき、第１線である各部門長がリスクオーナーとして業務執行を通じ、グループ企業を含むリスクの予防的取組や顕在化事象への対応を行い、第２線であるグループＣＲＭＯ・リスクマネジメント部が、グループ全体のリスク管理体制を構築し、第１線によるリスクへの対応を管理・監督する。また、第３線である監査部が部門・グループＣＲＭＯから独立した形でリスク管理体制や仕組みの合理性を判断する。・グループＣＲＭＯは、代表取締役及び取締役会に対して、定期的にリスク管理の状況について報告し、代表取締役又は取締役会から指示があった場合には、これに従う。なお、グループＣＲＭＯは、自ら必要と判断した場合、代表取締役及び取締役会に対して、随時リスク管理の状況について報告する。・グループＣＲＭＯは、「リスク管理確認会議」を定期的に主催し、リスクの予防的取組の進捗状況、顕在化したリスクを把握し、対策やリスク認識の不断の見直しを行う。そのリスク管理状況については、取締役会にて定期的に把握・評価し、また、経営に与える影響が大きい危機に際しては、グループＣＲＭＯが責任者となり、その危機対応（体制を含む。）を決定・実施し、影響の最小化、企業価値毀損の低減を図る。 ｄ．取締役の職務の執行が効率的に行われることを確保するための体制・会社法第399条の13第６項及び定款第25条の規定により、重要な業務執行の決定の全部又は一部を取締役に委任する。取締役会からの委任を受けた取締役は、「決裁基準規則」及びその他の規則に従い、重要な業務執行を決定する。・取締役会は、取締役による業務執行の決定の指針となる経営計画等の経営の基本方針を策定するとともに、取締役がそれに沿った決定をしているかについてモニタリングする。・取締役の業務執行を適切にサポートする体制としてＣｘＯ（分野別最高責任役員）並びに執行役員を任命する。 ｅ．当社及びその子会社から成る企業集団における業務の適正を確保するための体制・当社及び当社グループは、社会からその存在価値を認められ、信頼を得るため、経営理念体系として「ＩＳＵＺＵ ＩＤ」を掲げるとともに、「コンプライアンスに関するグループ行動基準」を策定し、当社グループの全役員・従業員がこれらを踏まえた行動をとるよう適切に対応する。・当社グループ各社に対し、当該各社に応じた適切なコンプライアンス体制の整備とコンプライアンスの徹底を要請するとともに適切なリスク管理体制の整備やリスク対応を要請する。・「グループ企業管理規程」及び「グループ企業管理細則」を制定し、当社グループの業務の適正を確保するための体制の強化に対応する。・当社経営幹部による、当社グループ各社の経営幹部に対する当該各社の経営状況のモニタリングを継続的に実施するとともに、当該各社のコンプライアンスの状況、リスク管理状況及び業務の効率性を確保する体制についても報告を受け、改善すべき点があると認められた場合には、改善を要請する。・グループ企業の内部監査は、当社「内部監査規程」を準用して実施し、また、事業管理を担当するグループ企業事業管理管轄部署に対して必要な通知、依頼及び報告を行う。ただし、監査機能が設置されているグループ企業については、内部監査結果に依拠する。・金融商品取引法に基づく財務報告の信頼性を確保するための体制を敷く。 ｆ．監査等委員会がその職務を補助すべき使用人を置くことを求めた場合における当該使用人に関する事項・監査等委員会からの要請に従い、当社の社内組織として「監査等委員会グループ」を設置し、監査等委員会の職務を補助すべき使用人を配属する。 ｇ．監査等委員会の職務を補助すべき使用人の取締役（監査等委員である取締役を除く）からの独立性及び当該使用人に対する指示の実効性の確保に関する事項・監査等委員会の職務を補助すべき使用人の取締役（監査等委員である取締役を除く）からの独立性及び当該使用人に対する指示の実効性を確保するために、当該使用人を監査等委員会の指揮命令下に置くとともに、その人事異動、人事考課及び賞罰について監査等委員会の事前同意を得る。 ｈ．当社及びその子会社の取締役及び使用人等が監査等委員会に報告をするための体制・監査等委員会に対し、当社及び当社グループ各社の取締役（監査等委員である取締役を除く）及び執行役員その他これらに相当する者並びに従業員が、適宜、当社及び当社グループ各社の業務執行の状況及び経営状況その他監査等委員会と協議して定める事項を報告するとともに、監査等委員会の求めに応じて、随時、必要かつ十分な情報を監査等委員会に開示し、又は報告する体制を敷く。・当社の監査等委員会及び当社グループ各社の監査役が相互に連携して当社グループ全体の監査の充実・強化を図ることを目的として定期的に開催する連絡会に対し、適宜協力を行う。 ｉ．監査等委員会に報告をした者が当該報告をしたことを理由として不利な取扱いを受けないことを確保するための体制・前項に基づき監査等委員会への報告を行った者に対し、当該報告を行ったことを理由として不利な取扱いを行うことを禁止し、その旨を当社及び当社グループ各社の役員・従業員に周知徹底する。 ｊ．監査等委員である取締役の職務の執行について生ずる費用の前払又は償還の手続その他の当該職務の執行について生ずる費用又は債務の処理に係る方針に関する事項・監査等委員である取締役がその職務の執行について、当社に対し、費用の前払、償還又は債務の弁済の請求等をしたときは、法令に基づいて、速やかに当該費用又は債務を処理する。・監査等委員である取締役の職務の執行について生ずる費用等を支弁するため、毎年、適切な予算を確保する。 ｋ．その他監査等委員会の監査が実効的に行われることを確保するための体制・監査部のレポートライン（報告経路）について、取締役会長ＣＥＯへのレポートラインに加え、監査等委員会にも直接のレポートラインを確保する。・監査部長及び指揮命令系統において監査部長の上位に属する役職者の人事異動について監査等委員会の事前同意を得る。・監査等委員である取締役が経営会議へ出席する機会を確保する。・その他監査等委員会の監査が実効的に行われることを確保するための体制を整備するために、今後とも監査等委員会と継続的に協議するとともに、当該協議を通じて監査等委員会から要請された事項については、これを実現するために必要な措置を講ずるよう努める。 ③責任限定契約の内容の概要　当社は、社外取締役との間において、会社法第427条第１項の規定に基づき、会社法第423条第１項の賠償責任を限定する契約を締結しており、会社法第425条第１項に定める額を責任の限度としています。 ④役員等賠償責任保険契約の内容の概要　当社は会社法第430条の３第１項に規定する役員等賠償責任保険契約を保険会社との間で締結しています。当該保険契約の被保険者の範囲は、当社及び子会社の取締役及び執行役員並びに一部の関連会社の取締役、監査役及び執行役員であり、被保険者は保険料を負担していません。当該保険契約により、被保険者が業務として行った行為に起因して、保険期間中に第三者から損害賠償請求がなされた場合の損害を当該保険契約により填補することとしています。 ⑤取締役の定数及び取締役の選任の決議要件・取締役の定数　当社の取締役（監査等委員である取締役を除く）は12名以内、監査等委員である取締役は６名以内とする旨定款を定めています。・取締役の選任の決議要件　当社は、取締役の選任決議について、監査等委員である取締役とそれ以外の取締役を区分して、議決権を行使することができる株主の議決権の３分の１以上を有する株主が出席し、その議決権の過半数をもって行う旨、及び取締役の選任決議は、累積投票によらないものとする旨を定款に定めています。 ⑥株主総会決議事項を取締役会で決議することができることとしている事項・自己の株式の取得　当社は、会社法第165条第２項の規定により、取締役会の決議をもって、自己の株式を取得することができる旨を定款に定めています。これは、経営環境の変化に対応した機動的な資本政策の遂行を可能とするため、市場取引等により自己の株式を取得することを目的とするものです。・取締役の責任免除　当社は、会社法第426条第１項の規定により、取締役会の決議をもって、会社法第423条第１項の行為に関する取締役（取締役であった者を含む）の責任を法令の限度において免除することができる旨を定款に定めています。これは、取締役が職務を遂行するにあたり、その能力を十分に発揮して、期待される役割を果たしうる環境を整備することを目的とするものです。・中間配当　当社は、会社法第454条第５項の規定により、取締役会の決議によって毎年９月30日を基準日として、中間配当を行うことができる旨を定款に定めています。これは、株主への機動的な利益還元を行うことを目的とするものです。 ⑦株主総会の特別決議要件　当社は、会社法第309条第２項に定める株主総会の特別決議要件について、議決権を行使することができる株主の議決権の３分の１以上を有する株主が出席し、その議決権の３分の２以上をもって行う旨を定款に定めています。これは、株主総会における特別決議の定足数を緩和することにより、株主総会の円滑な運営を行うことを目的とするものです。 
役員の状況	（２）【役員の状況】①　役員一覧男性12名　女性2名　（役員のうち女性の比率14.3％）役職名氏名生年月日略歴任期所有株式数（千株）代表取締役取締役会長ＣＥＯ片山　正則1954年５月16日生1978年４月当社入社2007年６月当社取締役2014年４月当社取締役副社長2015年６月当社代表取締役、取締役社長2023年４月当社代表取締役、取締役会長ＣＥＯ、現在に至る2024年１月一般社団法人日本自動車工業会会長、現在に至る　（注）２128代表取締役取締役社長ＣＯＯ 南　真介1959年９月29日生1983年４月当社入社2018年６月当社取締役、営業本部 営業部門統括2019年４月当社取締役、品質保証部門分掌、企画・財務部門統括2020年４月当社取締役、経営業務部門、企画・財務部門統括2022年４月当社取締役、グループＣＣＯ、企画・財務部門統括、ＣＶ協業推進担当2023年４月当社代表取締役、取締役社長ＣＯＯ、現在に至る　（注）２35取締役副社長ＣＭｚＯ髙橋　信一1958年１月28日生1980年４月当社入社2017年６月当社取締役、技術本部 開発部門統括2020年４月当社取締役、品質保証部門分掌、技術本部 開発部門統括2021年４月当社取締役副社長、技術本部長、品質保証部門、商品技術戦略部門分掌2023年４月当社取締役副社長2024年４月当社取締役副社長、ＣＭｚＯ、現在に至る　（注）２62取締役ＣＳＯグループＣＦＯ経営業務部門ＥＶＰ企画・財務部門ＥＶＰＳＶＰ渉外担当役員山口 真宏1962年12月８日生1986年４月当社入社2019年４月当社執行役員、営業本部 営業企画部門、営業第二部門統括補佐2021年４月当社常務執行役員、ＬＣＶ事業総括担当、営業本部 営業部門 ＬＣＶ事業部執行担当2022年６月当社取締役、営業本部　営業部門統括代行、営業企画部、貿易管理部、海外商品政策部、架装・特装企画部、販売管理部執行担当技術本部 開発部門 ＬＣＶ統括　ＣＥ、ＬＣＶ事業総括担当2023年４月当社取締役、グループＣＦＯ、経営業務部門ＥＶＰ、企画・財務部門ＥＶＰ、事務渉外担当2024年４月当社取締役、ＣＳＯ、グループＣＦＯ、経営業務部門ＥＶＰ、企画・財務部門ＥＶＰ、ＳＶＰ渉外担当役員、現在に至る　（注）２9  役職名氏名生年月日略歴任期所有株式数（千株）取締役商品技術戦略部門ＥＶＰＥＶＰ　ＣＶ協業推進部藤森　俊1960年６月30日生1984年４月当社入社2017年４月当社執行役員、企画・財務部門統括補佐2020年４月当社常務執行役員、商品戦略部門統括、技術本部　開発部門統括代行2021年６月当社取締役、商品技術戦略部門統括、技術本部　開発部門統括代行2023年４月当社取締役、商品技術戦略部門ＥＶＰ、ＥＶＰ ＣＶ協業推進部、現在に至る　（注）２14取締役営業部門ＥＶＰ池本　哲也1960年２月８日生1983年４月当社入社2018年４月当社常務執行役員、いすゞ自動車販売株式会社代表取締役社長2019年６月当社取締役、いすゞ自動車販売株式会社代表取締役社長2021年４月当社取締役、営業本部　営業部門統括、いすゞ自動車販売株式会社代表取締役会長2021年10月当社取締役、営業本部　営業部門統括2023年４月当社取締役、営業部門ＥＶＰ、現在に至る　（注）２23取締役(注)１柴田　光義1953年11月５日生1977年４月古河電気工業株式会社入社2012年４月同社代表取締役社長2017年４月同社取締役会長2018年６月東武鉄道株式会社社外取締役、現在に至る 当社社外取締役、現在に至る2018年７月朝日生命保険相互会社社外監査役、現在に至る2023年６月古河電気工業株式会社特別顧問、現在に至る　（注）２-取締役(注)１宮井　真千子1960年９月29日生1983年４月松下電器産業株式会社（現パナソニックホールディングス株式会社）入社2011年４月同社役員 環境本部 本部長2012年４月同社役員 Ｒ＆Ｄ本部 未来生活研究担当（2014年３月退任）2014年６月森永製菓株式会社 社外取締役2014年12月加藤産業株式会社 社外取締役（2018年12月退任）2015年５月株式会社吉野家ホールディングス 社外取締役（2019年５月退任）2018年６月森永製菓株式会社 取締役常務執行役員2019年２月NPO法人サステナビリティ日本フォーラム 会長、現在に至る2022年４月お茶の水女子大学 非常勤監事、現在に至る2022年６月積水化学工業株式会社 社外取締役、現在に至る2024年４月森永製菓株式会社 取締役（2024年６月退任）2024年６月当社社外取締役、現在に至る　（注）２-   役職名氏名生年月日略歴任期所有株式数（千株）取締役(注)１中野　哲也1963年６月12日生1986年４月味の素株式会社 入社2012年７月タイ味の素株式会社 コーポレート担当常務取締役2015年６月フィリピン味の素株式会社 代表取締役社長2017年６月味の素株式会社 執行役員 財務・経理部長2019年６月同社常務執行役員2021年６月同社執行役常務 財務・ＩＲ担当2023年４月同社アドバイザー、現在に至る2024年６月当社社外取締役、現在に至る　（注）２-取締役常勤監査等委員(注)１穴山　眞1963年３月14日生1986年４月日本開発銀行（現　株式会社日本政策投資銀行）入行2013年９月同社執行役員業務企画部長2015年６月同社常務執行役員2018年６月同社取締役常務執行役員（2022年６月退任）2019年３月同社取締役常務執行役員兼設備投資研究所長2022年６月同社設備投資研究所長2023年６月当社社外取締役、常勤監査等委員、現在に至る　（注）３0取締役常勤監査等委員宮崎　健司1959年１月31日生1981年４月当社入社2013年４月 当社執行役員、企画・財務部門統括補佐2015年４月 いすゞモーターズアジアタイランド代表取締役社長 泰国いすゞ自動車株式会社取締役上級副社長2018年６月 日本フルハーフ株式会社専務取締役2020年６月当社常勤監査役2021年６月 当社取締役、常勤監査等委員、現在に至る　（注）３12取締役常勤監査等委員渡邉　正夫1961年３月９日生1983年４月当社入社2008年４月当社総務人事部長2013年４月泰国いすゞ自動車株式会社取締役副社長2019年４月当社監査部執行担当2023年４月当社管理部門付シニアエキスパート2023年６月当社取締役、常勤監査等委員、現在に至る　（注）３4        役職名氏名生年月日略歴任期所有株式数（千株）取締役監査等委員(注)１河村　寛治1947年12月15日生1971年４月伊藤忠商事株式会社入社1998年３月同社退社1998年４月明治学院大学法学部教授2004年４月明治学院大学法科大学院教授2011年６月株式会社ジャムコ社外監査役(2019年６月退任)2013年４月明治学院大学学長補佐2017年４月明治学院大学名誉教授、現在に至る2017年６月当社社外監査役2021年６月当社社外取締役、監査等委員、現在に至る　（注）３-取締役監査等委員(注)１桜木　君枝1958年９月６日生1981年３月株式会社福武書店（現　株式会社ベネッセホールディングス）入社2003年６月同社 常勤監査役（2019年６月退任）2007年４月会津大学大学院 特任教授、現在に至る2019年６月東洋紡株式会社 社外取締役、現在に至る2021年６月株式会社熊谷組 社外取締役、現在に至る 当社社外取締役、監査等委員、現在に至る　（注）３-計291 　（注）１．取締役 柴田光義、宮井真千子、中野哲也、穴山眞、河村寛治及び桜木君枝は社外取締役です。２．取締役（監査等委員である取締役を除く）の任期は、2024年６月26日開催の定時株主総会における選任後　１年以内に終了する事業年度のうち最終のものに関する定時株主総会の終結の時までです。３．監査等委員である取締役の任期は、2023年６月28日開催の定時株主総会における選任後２年以内に終了する事業年度のうち最終のものに関する定時株主総会の終結の時までです。４．当社では、取締役会の活性化による経営判断の最適化及び業務執行権限の委譲による効率的な経営の実現のため、執行役員制度を導入しています。　　執行役員は、上記記載の取締役兼務者３名（専務執行役員 山口真宏、藤森俊、池本哲也）の他、以下の　とおり選任されています。 専務執行役員は次の２名で構成されています。大  平      隆 開発部門ＥＶＰ、カーボンニュートラル戦略部門ＥＶＰ山  口      哲 ＬＣＶ事業総括、ＥＶＰ　ＬＣⅤ事業部、ＳＶＰ 商品統括ＣＥ（ＬＣＶ統括ＣＥ）、泰国いすゞ自動車(株) 取締役社長常務執行役員は次の７名で構成されています。浅　原  健  一 グループＣＲＭＯ、管理部門ＥＶＰ、ＥＶＰ　法務部、リスクマネジメント部柳　川　直　彦 品質保証部門ＥＶＰ福  村  嗣  夫 業務推進部門ＥＶＰ大　石　和　貴 産業ソリューション・ＰＴ事業部門ＥＶＰ、ＳⅤＰ　商品統括ＣＥ（ＰＴ統括　ＣＥ）上　條　　　晃 購買部門ＥＶＰ、購買部門ＶＰ梅　田　正　幸 生産部門ＥＶＰ奥  山  理  志 経営業務部門ＳＶＰ、ＳＶＰ　渉外担当役員執行役員は次の８名で構成されています。能　登　秀　一 営業部門ＳＶＰ中　村　幸　滋 営業部門ＳＶＰ、営業部門ＶＰ古　川　和　成 カーボンニュートラル戦略部門ＳＶＰ、カーボンニュートラル戦略部門ＶＰ西　　　和　博 ＳⅤＰ　商品統括ＣＥ（ＨＤ統括ＣＥ）、開発部門ＶＰ上　田　　　謙 ＳⅤＰ　商品統括ＣＥ（ＭＤ/ＬＤ/ＢＵＳ統括ＣＥ）、開発ＶＰ佐  藤  浩  至 ＳⅤＰ　渉外担当役員、開発部門ＶＰ伊　藤　公　一 ＳＶＰ　渉外担当役員、ＳⅤＰ　ＵＤトラックス(株) 代表取締役会長ショーン スキナー いすゞコマーシャルトラックオブアメリカ　取締役社長　兼　ＣＯＯいすゞコマーシャルトラックオブカナダ　取締役社長  ②　社外役員の状況　当社は、社外取締役（監査等委員である社外取締役を除く）３名（いずれも東京証券取引所の定めに基づく独立役員）及び監査等委員である社外取締役３名（いずれも東京証券取引所の定めに基づく独立役員、うち１名は常勤）を選任しています。　社外取締役の柴田光義は、長年にわたる上場企業の経営者としての豊富な経験・幅広い見識に基づき、社外取締役として、当社の持続的な成長と中長期的な企業価値の向上を図る観点から意見を頂くこと、また独立した立場から取締役会の意思決定の妥当性・適正性を確保するための助言・提言を頂くことを期待し、社外取締役として選任しています。また、取締役会の諮問機関である指名・報酬委員会の委員長として、役員の指名・報酬に係る事項の審議を主導しています。なお、同氏及び同氏が役員等を務める他の会社等と当社との間には特別な利害関係はありません。　社外取締役の宮井真千子は、製品開発・マーケティングの豊富な職務経験と知識、及び企業経営者としての豊富な経験・幅広い見識に基づき、当社の持続的な成長と中長期的な企業価値の向上を図る観点から意見を頂くこと、また独立した立場から取締役会の意思決定の妥当性・適正性を確保するための助言・提言を頂くことを期待し、社外取締役として選任しています。また、取締役会の諮問機関である指名・報酬委員会のメンバーとして、役員の指名・報酬に係る事項の審議について重要な役割を担っています。なお、同氏及び同氏が役員等を務める他の会社等と当社との間には特別な利害関係はありません。　社外取締役の中野哲也は、財務会計・ＩＲ・ＩＴの豊富な職務経験と知識、及び企業経営者としての豊富な経験・幅広い見識に基づき、当社の持続的な成長と中長期的な企業価値の向上を図る観点から意見を頂くこと、また独立した立場から取締役会の意思決定の妥当性・適正性を確保するための助言・提言を頂くことを期待し、社外取締役として選任しています。なお、同氏及び同氏が役員等を務める他の会社等と当社との間には特別な利害関係はありません。　監査等委員である社外取締役の穴山眞は、金融・財務面に関する豊富な知識と職務経験並びに財務及び会計に関する相当程度の知見を有しており、当該知見及び職務経験を活かして客観的・中立的な立場から当社の経営を監査頂くとともに取締役会及び監査等委員会において適時適切な発言を頂くことを期待し、監査等委員である社外取締役として選任しています。また、取締役会の諮問機関である指名・報酬委員会のメンバーとして、役員の指名・報酬に係る事項の審議について重要な役割を担っています。なお、同氏及び同氏が役員等を務める他の会社等と当社との間には特別な利害関係はありません。　監査等委員である社外取締役の河村寛治は、企業法務に関する豊富な知識と職務経験を有しており、当該知見及び職務経験を活かして客観的・中立的な立場から当社の経営を監査頂くとともに取締役会及び監査等委員会において適時適切な発言を頂くことを期待し、監査等委員である社外取締役として選任しています。なお、同氏及び同氏が役員等を務める他の会社等と当社との間には特別な利害関係はありません。　監査等委員である社外取締役の桜木君枝は、企業倫理・コンプライアンスに関する豊富な知識と職務経験を有しており、当該知見及び職務経験を活かして客観的・中立的な立場から当社の経営を監査頂くとともに取締役会及び監査等委員会において適時適切な発言を頂くことを期待し、監査等委員である社外取締役として選任しています。なお、同氏及び同氏が役員等を務める他の会社等と当社との間には特別な利害関係はありません。　従って当社は、当社の社外取締役はいずれも一般株主と利益相反の生じるおそれがなく、客観的な立場から適切な意見・助言を頂くことができると考えています。　当社の社外取締役の独立性を判断する基準は、東京証券取引所が定める独立性基準に準拠しており、当社の主要な取引先の業務執行者や当社を主要な取引先とする者又はその業務執行者のほか、当社から役員報酬以外に多額の金銭等を得ているコンサルタント、会計専門家又は法律家等は、原則として独立性のないものと判断いたします。　なお、このうち「主要な」取引先とは当社との取引高が取引先又は当社のいずれかの前連結会計年度における連結売上高の２％以上となる取引先であり、また「多額」の基準は年間１千万円以上です。 ③　社外取締役による監督又は監査と内部監査、監査等委員会監査及び会計監査との相互連携並びに内部統制部門との関係　社外取締役（監査等委員である取締役）については、監査等委員会及び取締役会において内部監査及び監査等委員による監査並びに会計監査の実施状況、内部統制部門の活動状況について報告を受ける体制としています。　また社外取締役（監査等委員である取締役を除く）については、取締役会において、上記の実施状況及び活動状況の報告を受ける体制としています。このほか、社外取締役の活用も含めた、独立した視点にたった経営監視機能が十分に機能するための取り組みは、次のとおりです。ａ．定例取締役会の事前に、原則監査等委員全員が出席する「経営監査会議」を常設し、経営に対しての監視機能を強化することとしています。この「経営監査会議」には、経営側からは「グループＣＦＯ」「グループＣＲＭＯ」及び経営業務部門ＥＶＰのほか、事業推進部・経営企画部・経理部・監査部など、全社的な内部統制に携わる各部署の責任者が参加し、内部統制部門としての体制の整備状況の報告を行うほか、取締役会審議予定事項等など重要案件の説明と質疑の場として活用することとしています。ｂ．毎年数部門を選定し、原則監査等委員全員で業務監査を実施する体制としています。ｃ．原則監査等委員全員が参加し、取締役会長ＣＥＯと経営全般に関わる意見交換、質疑応答を行う場として「意見交換会」を年２回実施することとしています。ｄ．常勤の監査等委員は、取締役会の下部会議体に位置する経営会議への出席や主要な子会社への監査に参加するなど、経営監視機能の充実を図ることとしています。ｅ．常勤の監査等委員は、当社グループ全体の監査の充実・強化を図ることを目的に、子会社等の監査役と定期的に会合を開き、関係法令の改定及び当社グループにおける監査の進め方の共有化、相互連携と情報交換を行うこととしています。ｆ．社外取締役は、取締役会においてより適切に関与・助言ができるように、取締役会開催の概ね数日前までに実施する会社側の議案の内容や資料の説明会に参加することで、取締役会の客観性・説明責任の強化に取り組むこととしています。また、３名の社外取締役（監査等委員である取締役を除く）が取締役会長ＣＥＯと経営全般に関わる意見交換、質疑応答を行う場として「経営懇談会」を原則取締役会の開催日にあわせ、毎月実施することとしています。さらに、３名の社外取締役（監査等委員である取締役を除く）が監査等委員と情報の共有を行うため、定期的に打ち合わせを行うこととしています。ｇ．「グループＣＦＯ」及び「グループＣＲＭＯ」は、それぞれの課題分野においてグループ全体の内部統制部門を統括する立場から、毎回取締役会に説明補助者として出席し、社外取締役の要請や質問に応じて適宜報告や回答を行っています。 
貸借対照表	①【貸借対照表】  (単位：百万円) 前事業年度(2023年３月31日)当事業年度(2024年３月31日)資産の部  流動資産  現金及び預金40,03815,265電子記録債権3,8115,799売掛金※１ 233,331※１ 217,323製品41,85043,760仕掛品14,94735,742原材料及び貯蔵品31,60140,312前渡金6,6875,741前払費用4,8595,664短期貸付金※１ 103,015※１ 124,608１年内回収予定の長期貸付金※１ 10,000※１ 10,000未収入金※１ 29,624※１ 22,446その他9,3469,659流動資産合計529,115536,324固定資産  有形固定資産  建物77,34974,593構築物8,5287,928機械及び装置59,46159,990車両運搬具718932工具、器具及び備品12,62017,084土地197,138217,667リース資産392109建設仮勘定23,89518,589有形固定資産合計380,105396,897無形固定資産  ソフトウエア8,76727,909その他5554無形固定資産合計8,82327,964投資その他の資産  投資有価証券127,791189,745関係会社株式248,608248,483出資金974987関係会社出資金43,50842,687長期貸付金※１ 173,874※１ 176,259長期前払費用1,273532繰延税金資産13,293－その他※１ 3,873※１ 3,801貸倒引当金△2,290△2,138投資その他の資産合計610,908660,358固定資産合計999,8371,085,219資産合計1,528,9531,621,544    (単位：百万円) 前事業年度(2023年３月31日)当事業年度(2024年３月31日)負債の部  流動負債  電子記録債務※１ 19,522※１ 23,845買掛金※１ 238,641※１ 219,751短期借入金－60,000１年内返済予定の長期借入金40,00040,000リース債務40734未払金※１ 8,168※１ 15,137未払費用※１ 61,306※１ 64,102未払法人税等3,1051,936前受金※１ 2,330※１ 2,560預り金※１ 24,803※１ 24,856前受収益706840製品保証引当金3,8225,258賞与引当金10,95810,648役員賞与引当金183172その他902592流動負債合計414,859469,736固定負債  社債80,00080,000長期借入金60,00020,000リース債務2384退職給付引当金47,68845,311役員株式給付引当金8871,517製品保証引当金2,7184,953資産除去債務2,5662,579繰延税金負債－774再評価に係る繰延税金負債41,26641,266預り保証金※１ 458※１ 458その他7,4429,055固定負債合計243,051205,999負債合計657,910675,736純資産の部  株主資本  資本金40,64440,644資本剰余金  資本準備金49,85549,855資本剰余金合計49,85549,855利益剰余金  その他利益剰余金  繰越利益剰余金658,080743,606利益剰余金合計658,080743,606自己株式△3,202△53,099株主資本合計745,378781,006評価・換算差額等  その他有価証券評価差額金41,50780,909繰延ヘッジ損益204△60土地再評価差額金83,95283,952評価・換算差額等合計125,664164,800純資産合計871,042945,807負債純資産合計1,528,9531,621,544
損益計算書	②【損益計算書】  (単位：百万円) 前事業年度(自　2022年４月１日　至　2023年３月31日)当事業年度(自　2023年４月１日　至　2024年３月31日)売上高※１ 1,306,768※１ 1,318,030売上原価※１ 1,159,536※１ 1,177,920売上総利益147,232140,110販売費及び一般管理費※１,※２ 113,292※１,※２ 125,686営業利益33,94014,423営業外収益  受取利息※１ 1,785※１ 1,659受取配当金※１ 162,865※１ 145,922為替差益26668その他※１ 715※１ 571営業外収益合計165,632148,220営業外費用  支払利息※１ 677※１ 628訴訟和解金3647通貨オプション料9531,707支払補償費※１ 1,578※１ 369その他※１ 1,403※１ 2,164営業外費用合計4,6494,917経常利益194,923157,726特別利益  固定資産売却益11関係会社株式売却益103－投資有価証券売却益3,3321,738特別利益合計3,4371,740特別損失  固定資産処分損7291,051減損損失02関係会社出資金評価損－821投資有価証券評価損152－投資有価証券売却損－158特別損失合計8822,034税引前当期純利益197,478157,432法人税、住民税及び事業税11,1788,437法人税等調整額△350△3,388法人税等合計10,8275,049当期純利益186,650152,383
キャッシュ・フロー計算書	
