項目	値
事業の内容	３【事業の内容】  当社グループは、当社及び連結子会社３社により構成されており、「ITサービスで企業の成長を継続的に支援します」をミッションに据え、ITサービスを通じてデジタル化を継続的に推進し、企業の成長と、そこで働く人々の幸せに貢献していきます。  具体的には、企業の業務効率化等に貢献するさまざまなクラウドサービスを提供するクラウド事業と、Webシステム開発、インフラ構築・運用、機械学習、品質管理を中心にITエンジニアを派遣するIT人材事業を行っています。なお、事業の区分は「第５ 経理の状況 １(1)連結財務諸表 注記事項」に掲げるセグメントの区分と同一であります。 (1）クラウド事業  当事業では、経費精算システム「楽楽精算」、電子請求書発行システム「楽楽明細」、販売管理システム「楽楽販売」、メール共有・管理システム「Mail Dealer」、メールマーケティングサービス「配配メール」等の、企業の業務効率化、付加価値化に貢献するさまざまなクラウド（注１）サービスを、自社で企画・開発・運用しています。  コンピューターが得意ではないお客様でもマニュアルを読むことなく直感的に扱えるサービスを理想として、システム開発、Webデザイン、マーケティング、カスタマーサポートサービスを一貫してグループ内で行える体制を整えております。また、営業担当者やカスタマーサポート担当者が直接お客様のご要望を収集し、開発者にフィードバックすることにより、操作性の改善や機能追加等のバージョンアップを繰り返し、お客様目線に立った使いやすいサービスを提供しております。   当社グループの主なクラウドサービスは次のとおりです。①　経費精算システム「楽楽精算」  「楽楽精算」は、経費精算に関わる業務を効率化するシステムです。経費の申請から仕訳まで一連の流れをデータ化し、書類管理に必要な時間を削減します。さらに、申請時の規定違反やミスをシステム上で防止し、経理担当者の確認業務を軽減、経費精算業務の効率化を実現します。 ②　電子請求書発行システム「楽楽明細」  「楽楽明細」は、請求書をはじめとした帳票発行業務を効率化するシステムです。請求書の送付方法を電子データ・郵送・FAXから選択できるため導入のハードルが低く、帳票データを楽楽明細に取り込むだけで請求書の作成・送付まで完結し、電子発行した請求書は受け取りの確認まで行えるため経理担当者の負担となる業務を軽減し、効率化を実現します。 ③　販売管理システム「楽楽販売」  「楽楽販売」は、スプレッドシートや紙で管理している販売管理業務を効率化するシステムです。データベースとワークフローを組み合わせてノーコードで簡単にカスタマイズでき、使いながら改善していくことも可能です。ルーチンワークの自動化、リアルタイムでの情報共有により業務の効率化を実現します。 ④　メール共有・管理システム「Mail Dealer」  「Mail Dealer」は、メールでの問い合わせをチーム内で一元管理・共有することで、カスタマーサポート業務を効率化するシステムです。返信の重複や対応漏れといった対応ミスを削減し、対応履歴の一覧化によりスムーズな引継ぎを行えます。 ⑤　メールマーケティングサービス「配配メール」  「配配メール」は、メールマーケティングを効率化するシステムです。グループ別や属性別に配信が可能で、クリックカウント、開封チェック、レポートのグラフ表示等、メールマーケティングの効果測定に不可欠な分析機能も備えています。開封チェック機能を活用して、追加でメールを送る機能もあり、効果測定機能を活用したメールマーケティングの効率化を実現します。  (2）IT人材事業  当事業では、ITエンジニアに特化した正社員派遣サービスを提供しております。その特長は、創業時に事業としていたITエンジニアスクールの人材育成ノウハウを最大限に活用し、体系的かつ継続的にITエンジニアの品質を向上させることです。また、営業担当、育成担当が定期的に開催される社内研修やイベント等を通じ、ITエンジニアとのコミュニケーションを密にとることにより、個々の特性を理解し、顧客企業のニーズに対して最適な提案を行っております。この仕組みにより当社サービスの付加価値化と稼働率の向上を実現しております。   当社グループの提供する派遣サービスは次のとおりです。①　Webシステム開発  顧客企業のWebアプリケーション開発を中心としたシステム開発支援を行っております。具体的には、システム開発の全ての工程(基本・詳細設計、コーディング、単体・結合テスト、ドキュメント作成)に対してサービスを提供しております。 ②　インフラ構築・運用  顧客企業のネットワーク構築、サポート保守業務支援を行っております。特に、Linux/Unix（注２、３）系サーバー技術全般と、TCP/IP（注４）等のネットワーク技術全般に強みを持っております。  また、インフラの設計構築、運用設計、保守・運用、監視等、各種の工程へサービスを提供しております。 ③　機械学習  人工知能（AI)、ディープラーニング、機械学習関連プロジェクトに対して、機械学習モデルの構築、データ分析やデータ前処理、分析基盤構築などの工程を支援する人材サービスを提供しております。 ④　品質管理  顧客企業のシステムやアプリケーションに対して、テスト計画からテスト設計、実施にわたる品質管理業務をテスト技法やテストツール、自動化ツールを用いて支援する人材サービスを提供しております。 （注）１.「クラウド」とは、クラウドコンピューティングの略語で、インターネット経由で必要な時に必要なだけITシステムを利用する仕組みの総称。ソフトウエア、ハードウエアを所有してITシステムを利用するのに比べて、ITシステムに関する開発や保守・運用の負担が軽減され、コスト削減につながる技術として普及。２.「Linux」とは、1991年にフィンランドのヘルシンキ大学の大学院生（当時）Linus Torvalds氏によって開発された、Unix互換のOS。フリーソフトウエアとして公開され、全世界のボランティアの開発者によって改良が重ねられた。Linuxは学術機関を中心に広く普及しており、企業のインターネットサーバーとしても多く採用されている。最近では携帯電話やデジタル家電等組み込み機器のOSとしても普及。３.「Unix」とは、1968年にアメリカAT&amp;T社のベル研究所で開発されたOS。  学術機関やコンピューターメーカーの手によって、独自の拡張が施された多くの派生OSが開発され、現在ではUnix風のシステム体系を持ったOSを総称的にUnixと呼ぶことが多い。４.「TCP/IP」とは、インターネット等で標準的に用いられる通信プロトコル（通信手順）でTCP(Transmission Control Protocol)とIP(Internet Protocol)を組み合わせたもの。また、TCPとIPを含むインターネット標準のプロトコル群全体の総称。［事業系統図］
経営方針、経営環境及び対処すべき課題等	１【経営方針、経営環境及び対処すべき課題等】  当社グループの経営方針、経営環境及び対処すべき課題等は、以下のとおりであります。  なお、文中の将来に関する事項は、当連結会計年度末現在において当社グループが判断したものであります。 (1）経営方針  当社グループは、「ITサービスで企業の成長を継続的に支援します」というミッションを掲げております。私達は、ITサービスを通じてデジタル化を継続的に推進し、企業の成長と、そこで働く人々の幸せに貢献してまいります。さらに、行動指針として以下の「経営理念」を掲げ、長期ビジョンである「日本を代表する企業になる」ことの達成を目指しております。 （経営理念）  「応える」    ラクスはお客様の期待に120％応えます。  私達はロイヤリティの高い顧客層を作り出すことが経営の安定につながると考えます。お客様との良好な関係を長期にわたって構築するために、お客様の期待に応えてまいります。   「育成する」  ラクスは結果が出せる人財を育成します。  私達は一人一人の成長が会社の成長につながると考えます。実務に通用する知識を体系的に付与し、チャレンジできる場を積極的に提供します。   「改善する」  ラクスは日々その活動を改善します。  私達はITビジネスにおける優位性は改善によって生まれると考えます。一つ一つによる差異は小さくとも、それが積み重なったときには他社が決して追いつくことができない絶大な競争力となります。   「偽らない」  ラクスはステークホルダーに対して偽りません。  私達は常に真摯な態度で向き合うことが継続的に会社を発展させるために不可欠だと考えます。お客様・株主・社員全てに対して誠実な会社運営を行います。   「進化する」  ラクスは変化の予兆を読み取り柔軟に進化します。  私達は企業の永続的な発展のためには環境の変化への柔軟な適応が不可欠だと考えます。新市場への参入や既存市場からの撤退も恐れません。 (2）経営戦略等  当社グループが競争力を高め、持続的な成長を実現するための施策として、当社の成長を牽引している「楽楽精算」「楽楽明細」をはじめとした「楽楽シリーズ」にリソースを重点的に配分し、その他のサービスについては競争優位性と市場の可能性を勘案し、利益貢献を重視しながら適切にリソースを配分することで、当社グループの成長スピードの加速を目指してまいります。 (3）経営環境  当社が所属する情報通信サービス市場においては、人手不足や働き方改革の影響からデジタルトランスフォーメーションによる業務効率化を推進する企業が増加する等、IT投資への意欲は引き続き旺盛に推移しております。 (4）優先的に対処すべき事業上及び財務上の課題  インターネットは経済活動を支えるインフラとして不可欠なものとなっており、当社グループが提供しているクラウドサービス及びITエンジニア派遣サービスは今後も需要が拡大するものと予測されます。  当社グループの更なる成長を実現するため、優先的に対処すべき事業上及び財務上の課題は以下のとおりであります。 ①  成長サービスへの集中・強化  クラウドサービス市場は、今後も規模が拡大すると予測されておりますが、一方で新規参入の増加、サービスの飽和等が進むものと考えております。  当社グループは今後も継続的に事業を拡大するため経営資源を成長サービスに集中させ、それぞれの分野において一定の市場シェアを獲得することで収益の拡大に努めてまいります。 ②  認知度の向上  当社グループはこれまでインターネットやテレビ、雑誌への広告の掲載、展示会への出展や販売代理店を通じて顧客を獲得してまいりました。提供する各サービスの顧客数を拡大し、企業価値の向上を実現するには当社及びサービス名の認知度の向上が不可欠であると考えております。  引き続き、費用対効果を見極めながら、インターネットやテレビ、雑誌などマスメディアの活用に加え、展示会への出展を通じて、更なる認知度の向上に努めてまいります。 ③  営業力の強化  クラウド事業では、東京・大阪・札幌・名古屋・広島・福岡の６拠点で営業活動を行っており、今後も既存顧客及び新規顧客の期待に応えるために営業人員を増員し営業力を強化するとともに、パートナー企業や販売代理店との連携を強化することにより販路の拡大も図ってまいります。  また、中長期的には、既存顧客に対しても、当社グループの他のサービスを追加で提案していく販売アプローチを進め収益機会の最大化に努めてまいります。  IT人材事業は、派遣先での業務を通じてITエンジニアのキャリアアップを行い、提供するサービスの高付加価値化を行う事業であり、多くの案件を常に確保し、ITエンジニアの成長機会を提供することが不可欠であります。そのため営業担当者が顧客のニーズを引き出し、最適なマッチングを行うことで継続的な案件確保に努めてまいります。 ④  開発力の強化  クラウドサービス市場においてサービスの機能優位性を維持していくためには機能の改善・追加をスピーディーかつ継続的に実施していく必要があります。  当社グループでは、従来の国内開発に加え、ベトナムに開発拠点を設立する等開発リソースの確保に注力してまいりました。今後も国内外を問わず開発力の強化に努めてまいります。 ⑤  マーケティングの強化  現在クラウド事業において行っているマーケティング戦略は、時間とともに陳腐化する可能性があります。そのため新たなマーケティング手法を取り入れ、得られたデータを分析し販売力の強化に努めてまいります。 ⑥  サービスラインナップの強化  当社グループは、法人向けに業務効率化に貢献するクラウドサービスとして、多様なサービスを提供するサービスポートフォリオ管理を特色としております。  サービスラインナップを拡充することで、主力サービスである経費精算システム「楽楽精算」への依存度を低下させるとともに、新たな事業成長の機会を確保し、持続的な成長の実現を目指してまいります。 ⑦  人材の確保  当社グループの成長のためには優秀な人材を数多く確保することが不可欠であります。そのため積極的な採用活動を継続することはもちろんのこと、労働市場において知名度の向上を図り採用力の向上に努めてまいります。 ⑧  システムの安定性の確保  当社グループは、インターネット上で顧客にサービスを提供しており、システムの安定稼働の確保は必要不可欠であります。安定してサービスを提供していくため顧客の増加に合わせたサーバーの増設等の設備投資を継続的に行い、システムの安定性の確保に努めてまいります。 (5）経営上の目標の達成状況を判断するための客観的な指標等  当社グループは１株当たり利益（EPS）の持続的成長を最重要指標として掲げております。１株当たり利益（EPS）を中長期で大きく伸長させていくために、成長投資を強化して売上高の拡大を目指してまいります。 　成長投資強化期間においては、高い売上高成長を優先するため、営業利益率は低い水準で推移することになりますが、最終年度においては、翌年度以降の成長に必要な投資は行いながらも効率化を追求し、高い営業利益率を実現することで、１株当たり利益（EPS）の持続的伸長を目指してまいります。 　なお、現在取り組んでいる中期経営目標数値は以下の通りです。　・５カ年の売上高　　　　　　：　CAGR（年平均成長率）26％～30％　・2026年３月期　当期純利益　：　100億円以上　・2026年３月期　純資産　　　：　200億円以上 　売上高CAGRにつきましては、足元の数値を踏まえ、下限を27％に引き上げます。見直し後の、中期経営目標数値は以下の通りです。　・５カ年の売上高　　　　　　：　CAGR（年平均成長率）27％～30％　　（最終年度に近づくに従って、蓋然性の高いレンジ幅に適宜数値を見直します）　・2026年３月期　当期純利益　：　100億円以上　・2026年３月期　純資産　　　：　200億円以上 
事業等のリスク	３【事業等のリスク】  当社グループの事業においてリスクの要因となる可能性があると考えられる主な事項を記載しております。また、必ずしも事業上のリスクに該当しない事項についても、投資家の投資判断上、重要であると考えられる事項については、投資家に対する情報開示の観点から積極的に開示しております。  なお、文中における将来に関する事項は、当連結会計年度末現在において当社グループが判断したものであり、不確実性を内包しているため、実際の結果とは異なる可能性があります。 (1）経営環境の変化について  当社グループは、インターネット業界においてクラウドサービス及びITエンジニア派遣サービスを提供しております。現在は顧客企業のIT投資マインドの上昇を背景として事業を拡大しておりますが、今後国内外の経済情勢や景気動向等の理由により顧客企業のIT投資マインドが減退するような場合には、当社グループの事業及び業績に影響を及ぼす可能性があります。 (2）競合他社による影響について  当社グループのクラウド事業では先行者メリットを活かしつつ、顧客のニーズに合ったサービスの開発を行うことで優位性を高めております。しかしながらクラウドサービスの新規参入の技術的な障壁は必ずしも高いものとは言えず、資金力、ブランド力を有する大手企業をはじめとする競合他社により類似したサービスが開発され価格競争が激化した場合には、当社グループの業績に影響を及ぼす可能性があります。 (3）特定の製品への依存リスクについて  当社グループは、法人向けに業務効率化に貢献するクラウドサービスの提供を行っており、経費精算システム「楽楽精算」（2023年３月期 売上：10,343百万円）が主力サービスとして、当社グループの業績を牽引しております。「楽楽精算」が当社グループの売上高に占める割合は大きく、今後、競合製品との競争激化により売上高が大幅に減少した場合には、当社グループの業績に大きく影響を及ぼす可能性があります。 (4）技術革新等への対応について  当社グループが各種サービスを提供するインターネット業界においては新技術の開発及びそれに基づく新サービスの導入が頻繁に行われており、非常に変化の激しい業界となっております。そのため常に新しい技術要素をITエンジニアに習得させてまいりますが、何らかの理由で技術革新への対応が遅れた場合当社グループが提供するサービスの競争力が低下する可能性があります。また、新技術への対応のため予定していないシステムへの投資が必要となった場合、当社グループの事業及び業績に影響を与える可能性があります。  また、会計、税務、人事労務その他の規制に関する変更により、当社グループが提供するサービスについて重大な修正を要した場合には、当社グループの事業及び業績に影響を与える可能性があります。 (5）ITエンジニア派遣市場の動向について  現在、多様なインターネットサービスの登場や企業の情報システム化に伴い国内ITエンジニア派遣市場は活況を呈しておりますが、企業によるシステム開発の内製化、人件費や事業コストの安い新興国の企業・人材を活用して開発コストを削減するオフショア開発が当社グループの想定する以上に急激に進んだ場合、及び、主要な派遣先の業績不振等により派遣受入ニーズが減退した場合には、当社グループの事業及び業績に影響を及ぼす可能性があります。 (6）主要な取引先の喪失の可能性について  IT人材事業においては数十名規模のチームで派遣を行う場合もあり、その結果１社当たりの売上額が大きい取引先が存在します。取引先とのコミュニケーションを頻繁にとることで取引先のニーズに合った人材を派遣し顧客満足度の向上に努めておりますが、何らかの原因によりそれらの取引先の喪失があった場合、当社グループの業績に重大な影響を与える可能性があります。  (7）システムトラブルによるリスクについて  当社グループはクラウドサービスを提供しており、同サービスの保守・運用・管理は通信ネットワークに依存しております。安定的なサービス提供のため、サーバー設備の増強や情報セキュリティ責任者が適切なセキュリティ手段を講じることで外部からの不正アクセスの回避等を行っておりますが、以下のシステム障害が発生した場合には、当社グループの事業及び業績に影響を与える可能性があります。 ①サービス提供を行っているコンピューターシステムへの急激なアクセスの増加や電力供給の停止等の予測不可能な様々な要因によって当該コンピューターシステム及び周辺システムがダウンした場合。②コンピューターウィルスやハッカーの侵入等によりシステム障害が生じた場合。③従業員の過誤等によって、当社グループの提供サービスのプログラムが書き換えられたり、重要なデータが削除された際、事態に適切に対応できず信用失墜や損害賠償による損失が生じた場合。 (8）法的規制によるリスクについて①クラウド事業について  当社グループは、電気通信事業者（旧一般第二種電気通信事業者）として総務省に届出（届出番号E17-2681）を行っており、電気通信事業法に基づく通信役務の提供を行っております。現在のところ、当社の事業に対する同法による規制の強化等が行われるという認識はありませんが、社会情勢の変化等により当社の事業展開を阻害する規制の強化等が行われる可能性は絶無では無く、万一かかる規制の強化がなされた場合には、当社グループの事業展開に影響を及ぼす可能性があります。  また、インターネットの普及に伴い、「特定電気通信役務提供者の損害賠償責任の制限及び発信者情報の開示に関する法律（プロバイダー責任制限法）」、「特定電子メールの送信の適正化等に関する法律」及び「特定商取引に関する法律」等の法令が整備されておりますが、今後、これらの法律による規制の強化、関連業者を対象とした新たな法的規制等が制定された場合、当社グループの業務が一部制約を受け、当社グループの業績に影響を及ぼす可能性があります。 ②IT人材事業について  当社グループのIT人材事業においては、「労働者派遣事業の適正な運営の確保及び派遣労働者の保護等に関する法律」（以下「労働者派遣法」という。）により規制されているため、当社は同法に基づき厚生労働大臣の許可を受け、一般労働者派遣事業を行っております（派遣：派13-310802、紹介：13-ユ-309573）。労働者派遣法は、労働者派遣事業の適正な運営を確保するために、派遣事業を行うもの（派遣元事業主）が、派遣元事業主としての欠格事項に該当したり、法令に違反した場合には、事業許可の取り消し、又は業務の停止を命じる旨を定めています。当社では、社員教育の徹底、内部監査等による関連法規の遵守状況モニター、取引先の啓蒙等により、法令違反等の未然防止に努めていますが、万一当社役職員による重大な法令違反等が発生した場合、当社グループの業績に重大な影響を与える可能性があります。 (9）特定の人物への依存について  代表取締役社長である中村崇則は、当社グループの創設者であり、会社経営の最高責任者として経営方針や事業戦略の決定をはじめ、当社グループの事業推進において重要な役割を果たしております。  当社グループは、中村崇則に過度に依存しない経営体制を整備するため、取締役間の相互の情報共有や事業部制導入による経営組織の強化を図っております。しかしながら、何らかの理由により中村崇則が当社グループの業務を継続することが困難になった場合には、当社グループの事業及び業績に影響を与える可能性があります。 (10）人材の採用・育成について  今後の業容拡大を図る中で、各事業において、専門性を有する人材の採用・育成は不可欠であると認識しております。そのため人材の採用・育成を継続的に行っておりますが、今後各事業において人材獲得競争が激化し、優秀な人材の採用が困難となる場合や在職している人材の社外流出が大きく生じた場合、当社グループの事業及び業績に影響を与える可能性があります。 (11）情報管理体制について  当社グループは、提供するサービスに関連して多数の顧客企業の機密情報や個人情報を取り扱っております。これらの情報資産を保護するため情報セキュリティ基本方針を定め、この方針に従って情報資産を適切に管理、保護しておりますが、このような対策にもかかわらず重要な情報資産が外部に漏洩した場合には、当社グループの社会的信用の失墜、損害賠償請求の発生等により、当社グループの事業及び業績に影響を与える可能性があります。 (12）知的財産の侵害におけるリスクについて  当社グループは、提供しているサービスの名称について商標登録申請をしております。また、第三者の知的財産の侵害の可能性については、法務担当及び顧問弁護士並びに弁理士等を通じて事前調査を行い対応しております。しかしながら、万が一、当社グループが第三者の知的財産権を侵害した場合、当社グループへの損害賠償請求やロイヤリティの支払要求、使用差止請求等が発生し、当社グループの事業及び業績に影響を与える可能性があります。 (13）海外子会社について  当社グループは、海外子会社においてクラウドサービスの一部を開発しており、当該国の政治・経済・社会情勢の変動に起因して生じる予期せぬ事態、各種法令・規則の変更等により当地における事業の継続が困難となる等のカントリーリスクを有しております。カントリーリスクについては顧問契約を締結している現地の会計事務所や法律事務所と情報を共有し適切に対応することでリスクヘッジを行っております。しかしながら、このようなリスクが顕在化した場合、当社グループの事業及び業績に影響を及ぼす可能性があります。 (14）自然災害について  クラウド事業の顧客の情報資産が格納されるサーバーは、東京都内及び大阪府内に分散管理することでリスクを分散させておりますが、データセンターやその周辺ネットワーク設備等に被害を及ぼす災害、事故等が発生し情報資産の消失又はサービスの提供が維持できない状態に至った場合には、当社グループの事業及び業績に影響を与える可能性があります。また、災害、事故等によりIT人材事業における派遣先の重要な設備が損壊し事業活動の停止もしくは事業継続に支障をきたす事態が発生した場合には、当社グループの事業及び業績に影響を与える可能性があります。 (15）有価証券の価格変動リスク  当社グループでは、有価証券を保有しておりますが、市場価格のない株式等以外の有価証券については、株式市場の変動などにより時価が著しく下落した場合には、評価損を計上することとしております。また、市場価格のない有価証券については、期末時点での発行会社の財務状況や今後の見通しから減損すべきだと判断した場合には、評価損を計上することとしております。このような状況になった場合、当社グループの業績及び財政状態に影響を及ぼす可能性があります。 (16）のれんの減損による影響について　当社グループは、企業買収に伴い生じたのれんを2023年３月期末時点で464百万円計上しております。買収時の収益計画と概ね相違ない進捗であり、減損の兆候はないと判断しているものの、収益性の悪化などによる価値の毀損により、当該のれんの減損処理を実施する場合は、当社の業績に影響を及ぼす可能性があります。 
経営者による財政状態、経営成績及びキャッシュ・フローの状況の分析	４【経営者による財政状態、経営成績及びキャッシュ・フローの状況の分析】(1）経営成績等の状況の概要  当連結会計年度における当社グループ（当社及び連結子会社）の財政状態、経営成績及びキャッシュ・フロー（以下「経営成績等」という。）の状況の概要は次のとおりであります。 ①　財政状態及び経営成績の状況  当連結会計年度における我が国経済は、新型コロナウイルス感染症（COVID-19）に対する政府による各種政策効果もあり、ウィズコロナの環境下において経済社会活動の正常化の動きが見られました。一方、世界的な物価の高騰が継続するとともに、各国の金融引き締め影響による海外景気の下振れリスクが残っており、先行きについては不透明な状況が続いております。  当社が所属する情報通信サービス市場においては、働き方の見直しや人手不足等による業務効率化への関心の高まりに伴い、企業業務のデジタル化が進展しており、企業の積極的なIT投資も継続いたしました。このような経営環境の中、当社グループは、2021年３月期を基準として、2026年３月期までの５ヵ年で売上高をCAGR（年平均成長率）26％から30％、2026年３月期の親会社株主に帰属する当期純利益100億円以上、純資産200億円以上とする中期経営目標に取り組んでおります。この中で、特に重視している売上高目標の上限であるCAGR30％の達成に向けて、当初４年間は半期ごとに施策や予算を策定することで、外部環境への対応や施策の効果検証を迅速に行いながら、成長投資の強化に取り組むことを計画しております。中期経営目標の２年目となる2023年３月期において、クラウド事業は、今後の更なる事業成長を見据え、組織体制の強化に取り組むとともに、主力サービスを中心に広告宣伝費の積極的な投下を継続いたしました。IT人材事業については、旺盛な顧客ニーズを背景に、採用を強化するとともに、稼働エンジニアの増加と新規取引先の開拓に取り組みました。なお、連結子会社のレンタルサーバー等一部事業の会社分割に伴う特別利益、及び関係会社株式の減損処理等による特別損失の計上を行っております。  この結果、当連結会計年度の業績は、売上高27,399百万円（前連結会計年度比32.8％増）、営業利益1,656百万円（前連結会計年度比4.9％増）、経常利益1,677百万円（前連結会計年度比5.1％増）、親会社株主に帰属する当期純利益1,274百万円（前連結会計年度比18.2％増）となりました。 　財政状態については次のとおりであります。ａ．資産  当連結会計年度末における流動資産は10,479百万円となり、前連結会計年度末に比べ2,059百万円増加いたしました。これは主に、現金及び預金が1,128百万円、売掛金が981百万円それぞれ増加したことによるものであります。固定資産は3,594百万円となり、前連結会計年度末に比べ313百万円増加いたしました。主な要因は、のれんが163百万円、顧客関連資産が61百万円それぞれ減少したものの、繰延税金資産が245百万円、差入保証金が164百万円、工具、器具及び備品が125百万円それぞれ増加したことによるものであります。  この結果、総資産は14,073百万円となり、前連結会計年度末に比べ2,372百万円増加いたしました。 ｂ．負債  当連結会計年度末における流動負債は4,347百万円となり、前連結会計年度末に比べ1,369百万円増加いたしました。これは主に、未払法人税等が432百万円、未払費用が365百万円、未払消費税等が344百万円、未払金が157百万円、契約負債が36百万円それぞれ増加したことによるものであります。固定負債は178百万円となり、前連結会計年度末に比べ72百万円増加いたしました。これは主に、預り保証金が52百万円、長期未払費用が23百万円それぞれ増加したことによるものであります。  この結果、負債合計は4,525百万円となり、前連結会計年度末に比べ1,442百万円増加いたしました。 ｃ．純資産  当連結会計年度末における純資産合計は9,548百万円となり、前連結会計年度末に比べ930百万円増加いたしました。主な要因は、利益剰余金が剰余金の配当により344百万円減少したものの、親会社株主に帰属する当期純利益の計上により1,274百万円増加したことによるものであります。  経営成績については次のとおりであります。ａ．売上高  当連結会計年度の売上高は27,399百万円（前連結会計年度比32.8％増）となりました。クラウド事業においては「楽楽精算」「楽楽明細」が堅調に推移しており、売上高は22,276百万円（前連結会計年度比33.3％増）となっております。IT人材事業においては企業の旺盛なITエンジニア需要を背景に、売上高は5,122百万円（前連結会計年度比30.9％増）となりました。 ｂ．売上原価、売上総利益  当連結会計年度の売上原価は8,621百万円（前連結会計年度比30.7％増）となりました。これは主に労務費の増加によるものであります。この結果、売上総利益は18,777百万円（前連結会計年度比33.8％増）となりました。 ｃ．販売費及び一般管理費、営業利益  当連結会計年度の販売費及び一般管理費は17,121百万円（前連結会計年度比37.5％増）となりました。これは主に、業容拡大に伴う給料手当、広告宣伝費が増加したことによるものであります。この結果、営業利益は1,656百万円（前連結会計年度比4.9％増）となりました。 ｄ．営業外収益、営業外費用及び経常利益  当連結会計年度の営業外収益は為替差益、助成金収入等により37百万円（前連結会計年度17百万円）となりました。  当連結会計年度の営業外費用は関係会社貸倒引当金繰入額等により16百万円（前連結会計年度０百万円）となりました。これらの結果、経常利益は1,677百万円（前連結会計年度比5.1％増）となりました。 ｅ．特別損益、親会社株主に帰属する当期純利益  当連結会計年度の特別利益は事業譲渡益等の計上により215百万円となりました。  当連結会計年度の特別損失は関係会社株式評価損等の計上により52百万円（前連結会計年度52百万円）となりました。  この結果、税金等調整前当期純利益は1,839百万円（前連結会計年度比19.2％増）となり、法人税等合計565百万円（前連結会計年度比21.5％増）の計上により、親会社株主に帰属する当期純利益は1,274百万円（前連結会計年度比18.2％増）となりました。   セグメントごとの経営成績は次のとおりであります。ａ．クラウド事業  クラウド事業は、主力サービスである楽楽精算、楽楽明細を中心にTVCM等の広告宣伝を積極的に展開し、新規導入社数の増加に取り組みました。  この結果、売上高は22,276百万円（前連結会計年度比33.3％増）、セグメント利益は1,215百万円（前連結会計年度比0.9％減）となりました。 ｂ．IT人材事業  IT人材事業は、旺盛な顧客ニーズを踏まえ、採用を積極的に行うとともに新たな技術領域への育成を強化し、稼働エンジニア数の拡大に取り組みました。この結果、売上高は5,122百万円（前連結会計年度比30.9％増）、セグメント利益は440百万円（前連結会計年度比25.4％増）となりました。  ②　キャッシュ・フローの状況  当連結会計年度における現金及び現金同等物は、前連結会計年度末に比べ1,128百万円増加し、5,990百万円となりました。当連結会計年度における各キャッシュ・フローの状況とそれらの要因は次のとおりであります。 ａ．営業活動によるキャッシュ・フロー営業活動によるキャッシュ・フローは、前連結会計年度に比べ2,181百万円増加し、2,170百万円の収入となりました。増加の主な内訳は、税金等調整前当期純利益1,839百万円、減価償却費422百万円、未払費用の増加額388百万円、未払消費税等の増加額341百万円、未払金の増加額222百万円であり、減少の主な内訳は、売上債権の増加額902百万円、法人税等の支払額429百万円によるものであります。 ｂ．投資活動によるキャッシュ・フロー投資活動によるキャッシュ・フローは、前連結会計年度に比べ支出が178百万円減少し、699百万円の支出となりました。増加の主な内訳は、事業譲渡による収入161百万円であり、減少の主な内訳は、有形固定資産の取得による支出625百万円、差入保証金の差入による支出312百万円があったことによるものであります。 ｃ．財務活動によるキャッシュ・フロー財務活動によるキャッシュ・フローは、前連結会計年度に比べ支出が53百万円増加し、348百万円の支出となりました。これは主に、配当金の支払額344百万円によるものであります。 ③　生産、受注及び販売の実績ａ．生産実績当社グループは、インターネット上での各種サービス及びITエンジニア派遣を主たる事業としており、生産に該当する事項が無いため、生産実績に関する記載はしておりません。 ｂ．受注実績当社グループは、受注生産を行っておりませんので、受注実績に関する記載はしておりません。 ｃ．販売実績当連結会計年度における販売実績をセグメントごとに示すと、次のとおりであります。セグメントの名称当連結会計年度（自  2022年４月１日  至  2023年３月31日）前連結会計年度比(％)クラウド事業（百万円）22,276133.3IT人材事業（百万円）5,122130.9合計（百万円）27,399132.8（注）１．セグメント間の取引については相殺消去しております。２．総販売実績に対する割合が10％以上の相手先はありません。 (2）経営者の視点による経営成績等の状況に関する分析・検討内容  経営者の視点による当社グループの経営成績等の状況に関する認識及び分析・検討内容は次のとおりであります。  なお、文中の将来に関する事項は、当連結会計年度末現在において判断したものであります。 ①　財政状態及び経営成績の状況に関する認識及び分析・検討内容当社グループの当連結会計年度の経営成績等につきましては、「(1)経営成績等の状況の概要 ①　財政状態及び経営成績の状況」に記載のとおりです。 当社グループの経営成績に重要な影響を与える要因につきましては、「第２ 事業の状況 ３ 事業等のリスク」に記載のとおりです。 セグメントごとの財政状態及び経営成績の状況に関する認識及び分析・検討内容は、「(1)経営成績等の状況の概要 ①　財政状態及び経営成績の状況」に記載のとおりです。 ②　キャッシュ・フローの状況の分析・検討内容並びに資本の財源及び資金の流動性に係る情報当連結会計年度のキャッシュ・フローの状況の分析につきましては、「(1)経営成績等の状況の概要 ②　キャッシュ・フローの状況」に記載のとおりであります。 当社グループの資本の財源及び資金の流動性につきましては、次のとおりです。当社グループの運転資金需要のうち主なものは、成長投資にかかる人件費及び広告宣伝費等の売上原価、販売費及び一般管理費等の営業費用であります。投資を目的とした資金需要のうち主なものは、サーバー等の設備投資、子会社株式の取得等によるものです。当社グループは、事業運営上必要な資金の流動性と資金の源泉を安定的に確保することを基本方針としております。短期運転資金は自己資金を基本としており、設備投資や長期運転資金の調達につきましては、自己資金を基本としているものの、金融機関からの長期借入等について柔軟に対応することとしております。なお、当連結会計年度末における有利子負債の残高は36百万円であり、当連結会計年度末における現金及び現金同等物の残高は5,990百万円となっております。 ③　重要な会計上の見積り及び当該見積りに用いた仮定当社グループの連結財務諸表は我が国において一般に公正妥当と認められている会計基準に基づいて作成されております。この連結財務諸表作成においては、経営者による会計方針の選択・適用、資産・負債及び収益・費用の報告金額及び開示に影響を与える見積りを必要とします。経営者は、これらの見積りについて過去の実績や現状等を勘案し合理的に判断しておりますが、実際の結果は見積り特有の不確実性があるため、これらの見積りと異なる場合があります。 当社グループの連結財務諸表で採用する重要な会計方針は、「第５ 経理の状況 １ 連結財務諸表等 (1）連結財務諸表 注記事項 連結財務諸表作成のための基本となる重要な事項」に記載しております。 経営方針・経営戦略、経営上の目標の達成状況を判断するための客観的な指標等につきましては、次のとおりです。当社グループは１株当たり利益（EPS）の中長期での成長を最重要指標として掲げております。１株当たり利益（EPS）を中長期で大きく伸長させていくために、成長投資を強化して高い売上高成長を実現した後に、効率化を追求して利益成長を実現する方針の中期経営目標を掲げております。具体的には、2021年３月期を基準として、2026年３月期までの５ヵ年で売上高をCAGR（年平均成長率）26％から30％、2026年３月期の親会社株主に帰属する当期純利益100億円以上、純資産200億円以上とする新中期経営目標を掲げておりましたが、足元の状況を踏まえ、売上高のCAGRの下限を27%に引き上げます。引き続き中期経営目標の中で、特に重視している売上高目標の上限であるCAGR30％の達成に向けて、当初４年間は半期ごとに施策や予算を策定することで、外部環境への対応や施策の効果検証をしつつ、最速での成長を目指して投資の強化に取り組むことを計画しております。 決算年月第21期2021年３月第22期2022年３月第23期2023年３月売上高（百万円）15,38720,62927,399営業利益（百万円）3,8981,5781,656親会社株主に帰属する当期純利益（百万円）2,9361,0781,274１株当たり当期純利益（円）16.205.957.03EBITDA（百万円）4,3462,1582,263EBITDAマージン 28.2％10.5%8.3％純資産（百万円）7,8428,6179,548  （注）１．EBITDA＝税金等調整前当期純利益＋特別損益＋減価償却費＋のれん償却費＋支払利息２．EBITDAマージン＝EBITDA÷売上高３．当社は、2020年９月１日開催の取締役会決議により、2020年10月１日付で普通株式１株につき２株の割合で株式分割を行っておりますが、第21期期首に当該株式分割が行われたと仮定し、１株当たり当期純利益を算定しております。 
経営上の重要な契約等	５【経営上の重要な契約等】　当社は、2023年５月15日開催の取締役会において、HOYA株式会社が運営するクラウド勤怠管理・給与明細閲覧サービス事業を会社分割（新設分割）して設立予定である新会社の全株式を取得し、100％子会社化することを決議し、同日付で株式譲渡契約を締結いたしました。　詳細は、「第5　経理の状況　1　連結財務諸表等　（1）連結財務諸表等　注記事項（重要な後発事象）」に記載のとおりであります。 
研究開発活動	６【研究開発活動】  当連結会計年度における研究開発活動の総額は14百万円となっております。  当社グループは「ITサービスで企業の成長を継続的に支援します」をミッションに掲げ、将来を見据えた研究開発や新たな機能の開発スピードが重要な課題であると考えています。安定的な高成長を目指して、中長期の競争力確保につながる研究開発及びノウハウの蓄積を継続的に行っております。セグメント別の研究開発活動の概要は以下のとおりです。 （1） クラウド事業当セグメントの研究開発活動の金額は14百万円であります。主な活動は以下のとおりであります。　中長期視点での研究開発中長期視点での技術力強化のために、国内外の様々な事例から調査・分析・検証に関する取り組みを実施しました。当取り組みの研究開発活動の金額は14百万円であります。 （2） IT人材事業当セグメントにおいては研究開発活動を行っておりません。
設備投資等の概要	１【設備投資等の概要】  当連結会計年度における設備投資の総額は571百万円であり、主なものは、クラウド事業に係るサーバー機器等の取得に伴う工具、器具及び備品、当社東京本社及び大阪本店の増床に伴う建物及び構築物、工具、器具及び備品であります。  なお、重要な設備の除却、売却等はありません。
主要な設備の状況	２【主要な設備の状況】  当社グループにおける主要な設備は、次のとおりであります。(1）提出会社 2023年３月31日現在 事業所名(所在地)セグメントの名称設備の内容帳簿価額従業員数(人)建物及び構築物（百万円）工具、器具及び備品（百万円）ソフトウエア（百万円）合計（百万円）大阪本店(大阪市北区)クラウド事業業務施設484815113244東京本社(東京都渋谷区)クラウド事業業務施設3118-49189東京第１オフィス(東京都渋谷区)クラウド事業業務施設1424241404東京第２オフィス(東京都渋谷区)クラウド事業業務施設96703170339データセンター(大阪市西区他)クラウド事業サーバー機器等-6397646-  （注）事務所はすべて賃借しており、年間賃借料は999百万円であります。 (2）国内子会社 2023年３月31日現在 会社名事業所名（所在地）セグメントの名称設備の内容帳簿価額従業員数(人)建物及び構築物（百万円）工具、器具及び備品（百万円）ソフトウエア（百万円）合計（百万円）株式会社ラクスパートナーズ東京事務所（東京都新宿区）IT人材事業業務施設4618167859  （注）事務所はすべて賃借しており、年間賃借料は137百万円であります。 (3）在外子会社 2023年３月31日現在 会社名事業所名(所在地)セグメントの名称設備の内容帳簿価額従業員数(人)建物及び構築物（百万円）工具、器具及び備品（百万円）ソフトウエア（百万円）合計（百万円）RAKUS Vietnam Co., Ltd.本社（ベトナム国ホーチミン市）クラウド事業業務施設38-1256  （注）事務所はすべて賃借しており、年間賃借料は9百万円であります。
株式の総数	①【株式の総数】種類発行可能株式総数（株）普通株式320,000,000計320,000,000
発行済株式、株式の総数等	②【発行済株式】種類事業年度末現在発行数（株）（2023年３月31日）提出日現在発行数（株）（2023年６月26日）上場金融商品取引所名又は登録認可金融商品取引業協会名内容普通株式181,216,000181,216,000東京証券取引所プライム市場完全議決権株式であり、権利内容に何ら限定のない当社における標準となる株式であります。また、単元株式数は100株であります。計181,216,000181,216,000－－ 
配当政策	３【配当政策】  当社は、株主の皆様に対する利益還元を経営の最重要課題のひとつとして認識しており、利益ある成長を達成するため、事業の展開及び経営基盤の強化のために必要な内部留保を確保しつつ、継続的かつ安定的な配当を実施することを基本方針としております。  剰余金の配当につきましては、業績の拡大に応じた適切な利益配分を基本として連結配当性向10％超を目安に実施し、さらに、原則として１株当たり年間配当金の下限を前年実績と設定することで、配当の継続性・安定性にも配慮した連続増配を実施してまいります。  当社は、中間配当と期末配当の年２回の剰余金の配当を行うことができる旨を定款に定めておりますが、現時点では成長投資の実施時期により、四半期ごとの業績変動が大きいため、年１回の剰余金の配当を行っております。これらの剰余金の配当の決定機関は、期末配当については株主総会、中間配当については取締役会であります。  中間配当については、「取締役会の決議により、毎年９月30日を基準日として、中間配当を行うことができる。」旨を定款に定めております。  上記方針に基づき、当事業年度の期末配当金につきましては、１株当たり1.95円に決定し、連結配当性向は27.7％といたしました。  内部留保金の使途は、今後予想される経営環境の変化に対応すべく、企業体質の強化及び将来の事業展開のための財源として利用していく予定であります。  なお、当事業年度に係る剰余金の配当は以下のとおりであります。 決議年月日配当金の総額（百万円）１株当たり配当額（円）2023年６月23日3531.95定時株主総会決議
コーポレート・ガバナンスの概要	（１）【コーポレート・ガバナンスの概要】①　コーポレート・ガバナンスに関する基本的な考え方　当社のコーポレート・ガバナンスに関する基本的な考え方は、社会・経済環境の変化に即応した的確な意思決定ができる組織体制を永続的に運用することであります。「効率性」「公平性」「透明性」「公正性」「迅速性」を持った的確な意思決定をすることにより株主、取引先、従業員等のすべてのステークホルダーに適正な利益をもたらすと考えております。 ②　企業統治の体制の概要及び当該体制を採用する理由ａ．企業統治の体制の概要  当社は、監査役会設置会社であり、監査役 野島俊宏、社外監査役 松岡宏治、社外監査役 阿部夏朗の常勤監査役１名及び非常勤監査役２名（社外監査役）で構成されております。監査役は、取締役会等の重要な会議に出席して、意思決定のプロセス及び業務執行状況を独立した立場から監視を行っております。取締役会は、代表取締役社長 中村崇則が議長を務めております。その他メンバーは取締役 本松慎一郎、取締役 宮内貴宏、社外取締役 荻田健治、社外取締役 國本行彦、社外取締役 斉藤鈴華の取締役６名（うち社外取締役３名）で構成されており、原則として月１回以上開催し、当社の経営方針・経営計画の策定及び業務執行状況の確認、並びにその他法令で定める事項・経営に関する重要事項の審議決定を行い、各取締役の職務執行を監督しております。内部監査室は、法令の遵守状況及び業務活動の効率性等について当社各部門及び子会社に対して内部監査を実施し、業務改善に向け具体的に助言・勧告を行っております。当社は、取締役会の任意の諮問機関として、取締役の選任・解任、報酬の決定プロセスにおいて、指名報酬委員会を設置し、手続きの公正性・透明性を強化し、コーポレート・ガバナンスの一層の充実を図っております。指名報酬委員会は、取締役会からの諮問に応じて、取締役の指名・報酬等に関する事項について審議し、助言・提言を行います。指名報酬委員会は取締役会が選定する３名以上の委員（取締役及び監査役）で構成し、その過半数は独立社外取締役とします。当事業年度において、当社は取締役会を計28回開催しており、個々の取締役、監査役の出席状況については次のとおりです。 区分氏名取締役会出席状況代表取締役社長中村　崇則全28回中28回取締役松嶋　祥文全28回中28回取締役本松　慎一郎全28回中28回社外取締役荻田　健治全28回中27回社外取締役國本　行彦全28回中28回社外取締役斉藤　鈴華全23回中23回※常勤監査役野島　俊宏全28回中28回社外監査役松岡　宏治全28回中28回社外監査役阿部　夏朗全28回中28回※斉藤鈴華氏は、就任した2022年６月24日開催の定時株主総会以降に開催された回数を記載しております。 ｂ．企業統治の体制を採用する理由コーポレート・ガバナンスの仕組みは、その時点で会社の目的達成に最適と思われる仕組みを採用することとしています。従って、社会環境・法的環境の変化に伴い適宜見直すこととしています。　当社は、社外監査役を含めた監査役による経営の監視・監督機能を適切に機能させることで経営の健全性と透明性を確保しております。また、取締役会による業務執行の決定と経営の監視・監督機能を向上させるため社外取締役を選任しております。当社は、社外取締役による業務執行者から独立した監視・監督機能及び監査役・監査役会による当該機能の両輪を核としたガバナンス体制が適切であると判断しており、監査役会設置会社を選択することとしております。③　企業統治の体制を分かりやすく示す図表　当社の会社機関及びコーポレート・ガバナンスの体制を図示しますと、以下のとおりであります。  ④　企業統治に関するその他の事項（内部統制システムの整備の状況）　当社は、内部統制システムに関する基本方針を以下のとおり定めております。 ａ．取締役及び使用人の職務の執行が法令及び定款に適合することを確保するための体制（ａ）法令違反行為等に関する通報に対して適切な処理を行うため、「不祥事件対応及び内部通報規程」を定める。通報者の秘密管理性を確保し、通報者が不利益を被らないよう厳格な措置を講じる。（ｂ）取締役会が取締役の職務執行を監督するために、取締役は、業務執行状況を定期的に取締役会に報告するとともに、他の取締役の職務執行を相互に監視、監督する。（ｃ）取締役の職務執行状況は、「監査役監査基準」及び「監査計画」に従い、社外監査役を含む監査役の監査を受ける。（ｄ）コンプライアンス意識の徹底・向上を図るための方策として、取締役、監査役及び従業員を対象とした、コンプライアンスの基本や業務上必須な情報管理等に関するｅラーニング及び研修会を実施し、継続的な教育・普及活動を行う。（ｅ）取締役及び従業員が法令及び定款を遵守することはもとより、高い倫理観を持って事業活動を行う企業風土を構築するため、「経営理念」に加え、「倫理規程」及び「コンプライアンス規程」を定める。（ｆ）社会の秩序や企業の健全な活動に脅威を与える反社会的勢力に対しては、関係機関との連携を含め会社全体で毅然とした態度で臨むものとし、反社会的勢力とは一切の関係を遮断する。（ｇ）内部監査室は、法令、定款及び諸規程等に基づき適切な業務が行われているか監査を行う。 ｂ．取締役の職務の執行に係る情報の保存及び管理に関する体制  取締役の職務の執行に係る情報については、法令及び「文書管理規程」を含む社内規程に従い、書面（電磁的記録含む）により作成、保管、保存するとともに、取締役、監査役による閲覧、謄写に供する。 ｃ．損失の危険の管理に関する規程その他の体制（ａ）リスク管理の基本事項を定めた「リスク管理規程」に従い、各リスクについて網羅的、体系的な管理を実施する。（ｂ）リスク情報等については、各部門責任者により取締役会に対して報告を行う。（ｃ）不測の事態が発生した場合には、代表取締役社長の指揮下に対策本部を設置し、必要に応じて顧問弁護士事務所等の外部専門機関とともに、迅速かつ的確な対応を行い、損失・被害等の拡大を最小限にとどめる体制を整える。 ｄ．取締役の職務の執行が効率的に行われることを確保するための体制（ａ）取締役の職務執行が効率的に行われることを確保するため、「取締役会規則」を遵守し、月１回の取締役会を開催するほか、必要に応じて適宜臨時取締役会を開催する。（ｂ）経営目標、中長期経営計画に基づく各部門の目標と責任を明確にするとともに、予算と実績の差異分析を通じて所期の業績目標の達成を図る。（ｃ）意思決定の迅速化のため、「組織規程」「業務分掌規程」及び「職務権限規程」等の社内規程を整備し、役割、権限、責任を明確にする。（ｄ）職務権限を越える案件については、主管部門の専門的意見を反映させた上で、代表取締役社長及び担当役員の合議により決裁する稟議制度を構築、運営する。ｅ．当社及び子会社からなる企業集団における業務の適正を確保するための体制（ａ）子会社は、「関係会社管理規程」に定める協議承認事項・報告事項については、当社への報告、承認を求めるとともに、定期的に業務進捗報告を実施し、経営管理情報・危機管理情報の共有を図りながら、業務執行体制の適正を確保する。（ｂ）子会社は、当社の内部監査室による定期的な内部監査の対象とし、監査の結果は当社の代表取締役社長に報告を行う。（ｃ）子会社担当取締役は、子会社の損失の危険の発生を把握した場合、直ちにその内容、発生する損失の程度及び当社に対する影響等について、当社の取締役会に報告を行う。（ｄ）グループ内における取締役及び従業員の法令・定款等に違反する行為を発見した場合の報告体制として、当社及び子会社にグループ内部通報窓口を設置し、体制の整備を行う。（ｅ）当社及び子会社は、市民社会の秩序や安全に脅威を与える反社会的勢力との一切の関係を遮断するとともに、反社会的勢力及び団体からの要求に対しては、毅然とした対応を行う。また、警察や関係機関並びに弁護士等の専門機関と連携を図りながら、引き続き反社会的勢力を排除するための体制の整備を推進する。 ｆ．監査役がその職務を補助すべき使用人を置くことを求めた場合における当該使用人に関する事項及びその使用人の取締役からの独立性に関する事項並びに指示の実効性に関する事項（ａ）監査役会が必要とした場合、監査役の職務を補助するための監査役補助使用人を置くものとし、その人選については監査役会との間で協議する。（ｂ）監査役補助使用人に対する指示の実効性を確保するため、必要な知識・能力を備えた補助使用人を確保する。（ｃ）監査役補助使用人の取締役からの独立性を確保するため、監査役補助使用人は取締役の指揮、命令を受けないものとし、当該期間中の任命、異動、評価、解任等については監査役会の同意を得る。 ｇ．監査役への報告に関する体制（ａ）当社の取締役及び使用人が監査役に報告をするための体制・監査役は、取締役会の他、必要に応じて、一切の社内会議に出席する権限を有する。・監査役の要請に応じて、取締役及び使用人は、事業及び内部統制の状況等の報告を行い、内部監査室は内部監査の結果を報告する。・取締役及び使用人は、重大な法令・定款違反及び不正行為の事実、又は会社に著しい損害を及ぼす恐れのある事実を知ったときには、速やかに監査役に報告する。（ｂ）子会社の取締役、監査役、業務を執行する社員及び使用人又はこれらの者から報告を受けた者が当社の監査役に報告するための体制・当社の監査役の要請に応じて業務の執行状況の報告を行うとともに、当社及び子会社に著しい損害を及ぼす恐れのある事項を発見した時は、直ちに当社の監査役へ報告する。 ｈ．前号の報告をした者が当該報告をしたことを理由として不利な扱いを受けないことを確保するための体制  監査役への報告を行った取締役及び使用人に対し、当該報告をしたことを理由として不利な扱いを行うことを禁止し、「不祥事件対応及び内部通報規程」で定める通報者の保護に基づき、当該報告をした者の保護を行う。 ｉ．監査役の職務執行について生ずる費用又は債務の処理に係る方針に関する事項  監査役の職務執行について生ずる費用等の請求の手続きを定め、監査役から前払い又は償還等の請求があった場合には、当該請求に係る費用が監査役の職務の執行に必要でないと明らかに認められる場合を除き、所定の手続きに従い、これに応じる。 ｊ．その他監査役の監査が実効的に行われることを確保するための体制（ａ）社外監査役として、企業経営に精通した経験者・有識者や公認会計士等の有資格者を招聘し、代表取締役社長や取締役等、業務を執行する者からの独立性を保持する。（ｂ）監査役は、内部監査室と緊密な連携を保ち、必要に応じて、内部監査室に調査を依頼することができる。（ｃ）監査役は、代表取締役社長との定期的な会議を開催し、意見や情報交換が行える体制とする。（ｄ）監査役、内部監査室及び会計監査人は、監査結果等の情報・意見交換や協議を適宜行う等、相互連携を図る体制とする。 （リスク管理体制の整備の状況）当社は、「内部統制システム構築の基本方針」に基づき、「リスク管理規程」を制定し、リスク情報を早期に把握・共有することでリスクの顕在化を未然に防止する体制の構築に努めております。また、必要に応じて弁護士、監査法人、社会保険労務士等の外部専門家から助言を受ける体制を構築しております。 （子会社の業務の適正を確保するための体制整備の状況）当社は、社内規程に従い、子会社から定期的・臨時的に報告を求め、子会社のリスク管理体制の構築・運用を推進するとともに、子会社の内部統制システム構築に向けた基本規程の整備を支援する体制としております。 （責任限定契約の内容の概要）当社と取締役（業務執行取締役等であるものを除く。）及び社外監査役は、会社法第427条第１項の規定に基づき、同法第423条第１項の損害賠償責任を限定する契約を締結しております。当該契約に基づく損害賠償責任の限度額は、法令に定める最低責任限度額としております。なお、当該責任限定が認められるのは、当該取締役及び監査役が責任の原因となった職務の遂行について善意でかつ重大な過失がないときに限られます。  なお、当社は2016年６月24日開催の株主総会において、業務執行取締役等でない取締役及び監査役との間に、当該契約を締結できる旨の定款一部変更を行っております。 （役員等を被保険者として締結している役員等賠償責任保険契約の内容の概要）当社は、保険会社との間で会社法第430条の３第１項の規定に基づく役員等賠償責任保険契約を締結しており、保険料は全額当社が負担しております。当該保険契約は、当社及び子会社の取締役、監査役、執行役員等（退任役員を含みます。）がその職務の執行に関し、責任を負うこと又は当該責任の追及に係る請求を受けることによって生ずることのある損害賠償金、争訟費用等の損害を当該保険契約によって塡補することとしております。ただし、被保険者の犯罪行為等に起因する損害等は填補対象外とすることにより、役員の職務の執行の適正性が損なわれないための措置を講じています。また、当該保険契約は次回更新時においても同内容での更新を予定しております。 （取締役の定数）当社の取締役は８名以内とする旨を定款に定めております。 （取締役選任及び解任の決議要件）当社は、取締役の選任決議について、議決権を行使することができる株主の議決権の３分の１以上を有する株主が出席し、その議決権の過半数をもって行う旨、累積投票によらない旨を定款に定めております。なお、解任決議については定めておりません。 （取締役会で決議できる株主総会決議事項）ａ．中間配当当社は、会社法第454条第５項の規定により、取締役会の決議によって毎年９月30日を基準日として、中間配当を行うことができる旨を定款に定めております。これは、株主への機動的な利益還元を可能にするためであります。 ｂ．自己の株式の取得当社は、会社法第165条第２項の規定により、取締役会の決議によって市場取引等によって自己の株式を取得することができる旨を定款に定めております。これは、機動的な資本政策を可能とすることを目的とするものであります。 （株主総会の特別決議要件）当社は、会社法第309条第２項に定める株主総会の特別決議要件について、議決権を行使することができる株主の議決権の３分の１以上を有する株主が出席し、その議決権の３分の２以上をもって行う旨を定款に定めております。これは、株主総会における特別決議の定足数を緩和することにより、株主総会の円滑な運営を行うことを目的とするものであります。 
役員の状況	（２）【役員の状況】①　役員一覧男性　8名　女性　1名（役員のうち女性の比率　11.1％）役職名氏名生年月日略歴任期所有株式数（株）代表取締役社長中村  崇則1973年１月27日生1996年４月  日本電信電話株式会社入社1997年９月  合資会社デジタルネットワークサービス設立2000年１月  株式会社インフォキャスト設立　取締役2000年11月  当社設立  代表取締役社長（現任）（重要な兼職の状況）RAKUS Vietnam Co., Ltd. Chairman株式会社ラクスライトクラウド　取締役株式会社ラクスパートナーズ　取締役株式会社ラクスみらい　取締役(注)３62,202,700取締役ラクスクラウド事業本部長 本松  慎一郎1974年３月３日生2001年４月  当社入社2012年７月  当社執行役員2021年４月  執行役員クラウド事業本部長2021年６月  取締役クラウド事業本部長2023年２月  取締役ラクスクラウド事業本部長（現任）(注)３8,814,300取締役経営管理本部長宮内  貴宏1968年５月22日生1992年４月  富士通株式会社入社2003年10月  有限会社アクトステージ設立　代表取締役2003年12月  産業能率大学総合研究所兼任講師　就任2009年10月  株式会社テクノラボ入社2013年３月  当社入社2014年６月  当社執行役員2023年６月  取締役経営管理本部長（現任）(注)３51,300取締役荻田  健治1958年７月６日生1986年３月  株式会社東洋情報システム（現TIS株式会社）入社2005年６月  株式会社デジタルガレージ入社2005年６月  アイベックスアンドリムズ株式会社  取締役2005年７月  株式会社DGインキュベーション  取締役2005年９月  株式会社DG&amp;パートナーズ　代表取締役2007年３月  株式会社トランスウェア（現株式会社クオリティア）  取締役2015年２月  当社  社外取締役（現任）2020年８月　アンテロープ合同会社　代表社員（現任）(注)３64,000取締役國本　行彦1960年８月21日生1984年４月  日本合同ファイナンス株式会社（現ジャフコグループ株式会社）入社2006年１月  株式会社インディペンデンツ（現株式会社Kips）設立　代表取締役（現任）2020年６月  当社  社外取締役（現任）(注)３－  役職名氏名生年月日略歴任期所有株式数（株）取締役斉藤　鈴華1980年２月７日生2007年９月　小笠原国際総合法律事務所　入所2008年10月　外務省国際法局　入局（任期付）2009年10月　小笠原六川国際総合法律事務所　復帰2012年２月　原子力損害賠償紛争解決機構　入構（嘱託）2012年９月　イスラエル、エジプト海外赴任2018年１月　小笠原六川国際総合法律事務所　復帰2021年２月　あみた綜合法律事務所　経営参画2022年６月  当社  社外取締役（現任）（重要な兼職の状況）株式会社grooves　社外監査役一般社団法人未来構想会議　理事(注)３－常勤監査役野島  俊宏1973年６月29日生1997年４月  安田火災海上保険株式会社（現損害保険ジャパン株式会社）入社2000年１月  株式会社インフォキャスト設立  取締役2000年11月  当社設立  取締役2008年８月  取締役経理財務部長2011年６月  監査役（現任）（重要な兼職の状況）RAKUS Vietnam Co., Ltd. Auditor株式会社ラクスパートナーズ　監査役mjキャピタル株式会社　監査役株式会社ラクスみらい　監査役(注)４2,160,000監査役松岡  宏治1974年８月５日生1997年４月  朝日監査法人（現有限責任 あずさ監査法人）入所2000年11月  当社  監査役（現任）2005年３月  松岡会計事務所代表（現任）（重要な兼職の状況）株式会社ロックウェーブ  社外取締役朝日ライフサイエンス株式会社  社外監査役アイサワ工業株式会社  社外監査役株式会社アダチ  社外監査役株式会社ドリームファクトリー　監査役株式会社ハウスフリーダム　取締役監査等委員(注)４509,000監査役阿部  夏朗1975年７月19日生1998年５月  アンダーセンコンサルティング株式会社（現アクセンチュア株式会社）入社2002年８月  株式会社ワイズテーブルコーポレーション入社2004年10月  夢の街創造委員会株式会社（現株式会社出前館）  取締役2009年４月  株式会社Y's&amp;partners（現株式会社プラットフォームホールディングス）  代表取締役（現任）2014年６月  当社  監査役（現任）2021年10月  ANDB株式会社　代表取締役（現任）2021年10月  株式会社レスパ　代表取締役（現任）(注)４64,000計73,865,300（注）１．取締役荻田健治、國本行彦及び斉藤鈴華は、社外取締役であります。２．監査役松岡宏治及び阿部夏朗は、社外監査役であります。３．取締役の任期は、2024年３月期に係る定時株主総会の終結の時までであります。４．監査役の任期は、2027年３月期に係る定時株主総会の終結の時までであります。５．当社では、迅速かつ効率的な業務執行を行うため、執行役員制度を導入しております。本書提出日現在の執行役員は、執行役員開発本部長 兼 技術本部長 公手真之、執行役員楽楽クラウド事業本部長 吉岡耕児の２名であります。 ②　社外役員の状況本書提出日現在、当社は社外取締役を３名、社外監査役を２名それぞれ選任しております。社外取締役及び社外監査役は、経営者や公認会計士、弁護士としての豊富な経験と高い見識に基づき、当社の経営全般に対する独立した客観的な観点からの助言・提言を行うことで取締役等の職務執行の監督を行っております。社外取締役である荻田健治は当社株式を64,000株、社外監査役である松岡宏治は当社株式を509,000株、社外監査役である阿部夏朗は当社株式を64,000株それぞれ保有しておりますが、当社との人的関係、取引関係及びその他利害関係はありません。なお、当社は社外取締役又は社外監査役を選任するための独立性に関する基準又は方針として明確に定めたものはありませんが、選任にあたっては、経歴や当社との関係を踏まえて、当社経営陣からの独立した立場で社外役員としての職務を遂行できる十分な独立性が確保できることを前提に判断しております。 ③　社外取締役又は社外監査役による監督又は監査と内部監査、監査役監査及び会計監査との相互連携並びに内部統制部門との関係当社は、社外取締役による業務執行者から独立した監視・監督機能及び監査役・監査役会による当該機能の両輪を核としたガバナンス体制が適切であると判断しております。当社監査役と内部監査室は、毎月連絡会を開催し、内部監査と監査役監査の監査結果を共有し、相互補完することにより、グループ全体に対して実効的かつ効率的な監査を行っています。内部監査室、監査役及び会計監査人は、監査結果等の情報・意見交換や協議を適宜行う等、相互連携を図っています。内部監査担当者と監査役は内部統制会議への出席を通じて必要な情報を得ており、会計監査人も必要に応じて内部監査担当者に対してヒアリングを行い、それぞれ実効性のある監査を実施しています。また、社外取締役への情報提供を強化するため、社外取締役との意見交換を適宜行い、監査活動を通じて得られた情報の提供を行っています。 
貸借対照表	①【貸借対照表】  （単位：百万円） 前事業年度（2022年３月31日）当事業年度（2023年３月31日）資産の部  流動資産  現金及び預金2,6583,079売掛金2,5873,423前払費用215267未収還付法人税等131－その他※ 147※ 188貸倒引当金△8△9流動資産合計5,7326,949固定資産  有形固定資産  建物136204工具、器具及び備品697808有形固定資産合計8331,013無形固定資産  ソフトウエア3128無形固定資産合計3128投資その他の資産  投資有価証券0－関係会社株式1,6081,556関係会社出資金5050関係会社長期貸付金3632差入保証金844961繰延税金資産579764長期前払費用77破産更生債権等49貸倒引当金△4△25投資その他の資産合計3,1283,358固定資産合計3,9944,400資産合計9,72611,350    （単位：百万円） 前事業年度（2022年３月31日）当事業年度（2023年３月31日）負債の部  流動負債  買掛金03１年内返済予定の長期借入金44未払金※ 1,213※ 1,339未払費用540841未払法人税等－317未払消費税等81367契約負債222345預り金4361その他310流動負債合計2,1103,289固定負債  長期借入金3632長期未払費用6892預り保証金※ 39※ 34固定負債合計144159負債合計2,2553,449純資産の部  株主資本  資本金378378資本剰余金  資本準備金308308資本剰余金合計308308利益剰余金  その他利益剰余金  繰越利益剰余金6,7827,218利益剰余金合計6,7827,218自己株式△0△0株主資本合計7,4687,903評価・換算差額等  繰延ヘッジ損益2△3評価・換算差額等合計2△3純資産合計7,4707,900負債純資産合計9,72611,350
損益計算書	②【損益計算書】  （単位：百万円）  前事業年度(自　2021年４月１日　至　2022年３月31日) 当事業年度(自　2022年４月１日　至　2023年３月31日)売上高※１ 15,79321,299売上原価※１ 3,678※１ 4,844売上総利益12,11516,454販売費及び一般管理費※１,※２ 11,018※１,※２ 15,363営業利益1,0961,091営業外収益  受取利息00為替差益00助成金収入75その他01営業外収益合計76営業外費用  支払利息00関係会社貸倒引当金繰入額－16営業外費用合計016経常利益1,1041,081特別利益  投資有価証券売却益－10受取和解金－5特別利益合計－15特別損失  固定資産除却損40関係会社株式評価損4752特別損失合計5252税引前当期純利益1,0511,044法人税、住民税及び事業税364446法人税等調整額△100△182法人税等合計264264当期純利益787780
キャッシュ・フロー計算書	
